#heainit
#sas_start

export SAS_CCF=/home/padialjr/Desktop/research/reduced_regions/XMM/0504810401/MOS2/ccf.cif
export SAS_ODF=/home/padialjr/Desktop/research/reduced_regions/XMM/0504810401/MOS2/1411_0504810401_SCX00000SUM.SAS

## regA source S_MOS2

evselect table=/home/padialjr/Desktop/research/reduced_regions/XMM/0504810401/MOS2/S0401_MOS2_filt_time.fits withspectrumset=yes spectrumset=/home/padialjr/Desktop/research/reduced_regions/XMM/spectra/S0401_MOS2_regA.fits energycolumn=PI spectralbinsize=5 withspecranges=yes specchannelmin=0 specchannelmax=11999 expression='#XMMEA_EM && (PATTERN<=12) && ((X,Y) IN polygon(16292.395,19631.589,16205.912,19702.864,16182.737,19729.78,16130.254,19828.045,16107.307,19922.523,16106.547,19926.34,16100.035,20024.652,16099.108,20122.969,16054.193,20221.226,16008.497,20305.939,16000.027,20319.5,15910.044,20407.688,15868.895,20417.657,15811.691,20429.912,15713.329,20456.491,15614.991,20471.765,15516.652,20484.035,15418.357,20458.64,15390.322,20417.043,15320.183,20344.28,15300.893,20318.605,15223.678,20220.183,15222.009,20218.155,15123.771,20151.305,15025.447,20146.472,14927.123,20155.435,14840.87,20219.696,14828.702,20231.234,14751.794,20317.9,14730.23,20344.889,14690.672,20416.145,14644.695,20514.408,14631.655,20542.26,14598.7,20612.689,14561.77,20710.957,14538.119,20809.255,14532.97,20819.948,14488.74,20907.516,14480.306,21005.834,14482.209,21104.166,14497.038,21202.506,14527.479,21300.868,14532.353,21308.554,14625.959,21399.326,14630.553,21402.81,14728.812,21460.502,14791.633,21497.847,14827.07,21514.129,14925.343,21549.491,15015.093,21596.466,15023.606,21600.989,15121.877,21649.242,15220.149,21681.39,15284.781,21695.129,15318.451,21702.534,15416.762,21713.413,15515.088,21715.887,15613.391,21728.957,15711.702,21740.523,15810.006,21759.664,15908.284,21787.82,15923.841,21794.272,16006.552,21833.912,16104.845,21869.18,16203.133,21890.922,16224.343,21892.977,16301.447,21901.001,16338.73,21893.106,16399.794,21878.834,16498.163,21850.703,16596.548,21802.567,16613.172,21795.138,16694.912,21764.707,16793.282,21731.002,16874.549,21697.161,16891.668,21689.413,16990.054,21643.699,17088.402,21619.66,17141.547,21599.175,17186.772,21582.937,17285.145,21547.87,17383.485,21537.958,17481.84,21506.182,17502.51,21501.302,17580.206,21478.021,17678.615,21412.395,17685.973,21403.203,17777.068,21314.605,17784.703,21305.013,17875.518,21215.41,17891.009,21206.827,17973.886,21174.171,18072.242,21153.987,18170.518,21190.779,18200.028,21207.204,18268.752,21256.007,18315.107,21305.69,18355.293,21404.05,18366.821,21458.191,18374.171,21502.417,18366.737,21530.251,18324.032,21600.663,18268.239,21665.009,18227.021,21698.864,18169.811,21745.822,18078.725,21797.016,18071.42,21802.83,17973.044,21839.074,17938.195,21895.147,17919.919,21993.461,17968.473,22091.84,17972.722,22093.555,18071.04,22099.612,18169.343,22113.963,18267.628,22141.451,18365.939,22154.554,18464.272,22149.252,18562.616,22136.446,18660.949,22126.455,18759.284,22124.079,18857.599,22123.54,18955.921,22125.095,19054.244,22126.546,19152.548,22147.553,19250.846,22170.715,19315.247,22191.87,19349.118,22203.692,19447.395,22244.985,19545.347,22290.493,19545.663,22290.734,19643.877,22376.258,19654.336,22388.968,19694.535,22487.343,19721.681,22585.7,19741.853,22646.758,19754.063,22684.072,19808.145,22782.444,19839.96,22824.473,19900.143,22880.899,19938.185,22904.143,20036.445,22952.569,20114.68,22979.497,20134.722,22985.99,20233.007,23017.486,20331.292,23050.278,20418.39,23078.198,20429.581,23082.226,20527.854,23122.129,20626.137,23148.167,20724.447,23163.521,20822.771,23167.651,20921.109,23159.415,21019.457,23133.596,21117.835,23093.191,21141.811,23079.123,21216.232,23035.743,21266.261,22980.948,21314.696,22923.429,21369.912,22882.763,21413.117,22847.551,21488.542,22784.583,21511.549,22762.689,21609.942,22707.862,21708.291,22688.53,21716.201,22686.565,21806.656,22666.395,21904.997,22649.454,21995.327,22588.595,22000.059,22490.263,21956.792,22391.886,21905.411,22319.854,21887.321,22293.481,21807.226,22209.054,21795.601,22195.033,21709.027,22118.01,21680.341,22096.556,21610.789,22050.962,21512.523,22001.788,21503.607,21998.011,21414.246,21959.871,21315.943,21945.708,21217.635,21927.922,21147.14,21899.231,21119.396,21866.63,21098.417,21800.844,21072.389,21702.487,21082.448,21604.189,21110.487,21505.89,21119.918,21455.03,21130.759,21407.593,21148.743,21309.292,21120.224,21218.91,21117.309,21210.923,21022.021,21119.813,21014.646,21112.477,20923.791,21049.113,20859.014,21013.945,20825.522,20998.048,20727.253,20960.598,20628.959,20934.924,20530.649,20916.946,20523.717,20915.189,20432.355,20893.182,20334.073,20865.155,20235.797,20825.482,20220.186,20816.482,20137.541,20769.266,20039.268,20726.204,20021.372,20717.916,19941.013,20678.138,19842.739,20633.428,19805.086,20619.303,19744.472,20592.813,19646.227,20531.173,19632.482,20520.774,19548.019,20439.829,19529.962,20422.316,19449.839,20327.96,19446.948,20323.871,19371.757,20225.467,19351.667,20203.306,19260.637,20126.99,19253.445,20121.268,19155.207,20055.586,19090.987,20028.446,19056.94,20014.319,18958.639,19993.287,18860.336,19977.971,18762.019,19967.551,18663.715,19948.906,18565.415,19933.876,18545.606,19929.429,18467.122,19905.122,18368.854,19861.983,18299.45,19830.801,18270.583,19816.94,18172.305,19782.632,18074.02,19751.06,17975.711,19738.223,17932.678,19732.005,17877.407,19724.661,17779.097,19716.276,17680.772,19715.765,17582.468,19699.13,17484.162,19687.091,17385.837,19680.006,17287.546,19660.838,17189.223,19657.285,17090.906,19651.907,16992.589,19640.365,16927.023,19632.394,16894.286,19628.838,16795.964,19618.646,16697.684,19592.53,16599.369,19575.11,16501.054,19570.625,16402.712,19584.855,16304.342,19623.862))'


## regB source S_MOS2

evselect table=/home/padialjr/Desktop/research/reduced_regions/XMM/0504810401/MOS2/S0401_MOS2_filt_time.fits withspectrumset=yes spectrumset=/home/padialjr/Desktop/research/reduced_regions/XMM/spectra/S0401_MOS2_regB.fits energycolumn=PI spectralbinsize=5 withspecranges=yes specchannelmin=0 specchannelmax=11999 expression='#XMMEA_EM && (PATTERN<=12) && ((X,Y) IN polygon(23519.458,21623.925,23455.744,21659.532,23361.513,21722.061,23357.338,21725.016,23258.905,21807.396,23244.157,21820.237,23160.459,21905.271,23144.236,21918.43,23061.993,22010.501,23056.656,22016.634,22994.778,22114.89,22963.444,22189.227,22952.311,22213.152,22924.769,22311.453,22923.005,22409.771,22937.976,22508.112,22962.929,22600.047,22964.821,22606.47,23024.024,22704.871,23061.039,22763.461,23091.18,22803.282,23159.206,22883.631,23183.703,22901.723,23257.436,22962.516,23314.091,23000.226,23355.673,23029.917,23453.935,23080.633,23488.053,23098.772,23552.182,23137.664,23636.019,23197.276,23650.418,23208.531,23748.674,23267.733,23835.776,23295.86,23846.946,23300.091,23945.224,23345.545,24043.501,23380.833,24061.222,23394.469,24141.679,23488.598,24144.28,23492.9,24153.059,23591.227,24155.154,23689.549,24160.475,23787.893,24168.167,23886.22,24169.699,23984.541,24212.125,24082.936,24239.168,24152.497,24247.016,24181.303,24305.136,24279.688,24337.247,24344.172,24354.577,24378.085,24405.718,24476.462,24435.308,24546.943,24448.068,24574.852,24494.903,24673.244,24533.37,24755.329,24540.764,24771.614,24584.022,24870.001,24631.439,24962.251,24635.172,24968.393,24699.785,25066.791,24729.576,25106.188,24776.65,25165.213,24827.754,25221.76,24860.72,25263.657,24921.643,25362.046,24925.886,25371.848,24964.71,25460.426,25009.216,25558.805,25023.934,25586.712,25056.139,25657.185,25103.909,25755.584,25122.01,25782.591,25172.996,25853.989,25220.185,25901.245,25273.969,25952.442,25318.392,25989.915,25416.643,26049.72,25419.346,26050.941,25514.9,26100.841,25613.178,26136.658,25683.454,26149.607,25711.475,26156.49,25740.185,26149.692,25809.83,26135.977,25908.198,26104.76,25991.952,26051.679,26006.603,26042.978,26104.2,25953.492,26105.041,25952.672,26184.82,25855.264,26203.522,25828.521,26247.156,25757.035,26290.382,25658.768,26302.101,25627.006,26326.833,25560.481,26354.371,25462.196,26370.956,25363.893,26379.223,25265.571,26386.497,25167.269,26385.055,25068.93,26377.009,24970.591,26369.294,24872.273,26370.638,24773.953,26382.267,24675.63,26390.89,24577.328,26394.301,24479.008,26396.306,24380.667,26386.304,24282.349,26343.553,24183.958,26304.011,24124.946,26278.712,24085.55,26212.374,23987.16,26205.868,23978.161,26142.363,23888.728,26107.739,23833.852,26078.299,23790.334,26057.303,23691.975,26053.37,23593.656,26064.47,23495.335,26068.28,23397.015,26074.901,23298.694,26051.541,23200.356,26010.262,23157.678,25911.991,23117.8,25813.68,23108.417,25781.773,23101.675,25715.385,23089.73,25617.123,23043.098,25553.882,23003.068,25518.868,22978.202,25435.762,22904.604,25420.669,22882.581,25382.572,22806.191,25361.219,22707.846,25343.174,22609.501,25331.467,22511.158,25332.403,22412.838,25323.657,22314.495,25323.079,22311.555,25309.859,22216.171,25268.314,22117.779,25225.081,22058.145,25204.742,22019.379,25126.909,21926.791,25121.968,21920.949,25028.706,21831.692,25018.425,21822.488,24930.49,21753.708,24883.914,21724.006,24832.245,21694.24,24733.971,21644.848,24676.27,21625.415,24635.693,21611.851,24537.397,21588.429,24439.1,21571.183,24340.783,21562.992,24242.465,21557.717,24144.144,21556.918,24045.823,21555.593,23947.503,21553.604,23849.165,21555.791,23750.838,21560.613,23652.497,21578.831,23554.128,21607.344))'


## regC source S_MOS2

evselect table=/home/padialjr/Desktop/research/reduced_regions/XMM/0504810401/MOS2/S0401_MOS2_filt_time.fits withspectrumset=yes spectrumset=/home/padialjr/Desktop/research/reduced_regions/XMM/spectra/S0401_MOS2_regC.fits energycolumn=PI spectralbinsize=5 withspecranges=yes specchannelmin=0 specchannelmax=11999 expression='#XMMEA_EM && (PATTERN<=12) && ((X,Y) IN polygon(27065.474,21940.311,26995.121,22001.828,26955.195,22038.488,26896.669,22110.976,26877.058,22136.705,26809.449,22234.954,26798.163,22249.039,26719.579,22333.149,26699.69,22361.017,26630.045,22431.361,26601.244,22460.351,26534.843,22529.571,26502.778,22569.88,26450.03,22627.794,26404.304,22687.785,26379.189,22726.03,26345.533,22824.297,26318.554,22922.602,26344.373,23020.957,26403.836,23056.325,26502.154,23058.34,26600.517,23031.611,26636.95,23021.319,26698.878,23004.758,26797.238,22981.44,26895.595,22954.817,26993.929,22945.57,27092.254,22943.838,27178.363,22923.689,27190.607,22920.181,27288.968,22891.861,27387.328,22865.355,27485.686,22839.945,27509.946,22825.787,27584.103,22768.051,27611.839,22727.589,27656.495,22629.333,27682.703,22544.071,27686.218,22531.028,27708.502,22432.75,27716.971,22334.422,27714.548,22236.104,27701.37,22137.755,27683.313,22064.99,27675.278,22039.397,27607.043,21940.992,27585.177,21921.209,27486.923,21860.383,27388.622,21843.193,27290.284,21852.659,27191.938,21872.04,27093.552,21921.856))'


## bgd S0401 SMOS2
evselect table=/home/padialjr/Desktop/research/reduced_regions/XMM/0504810401/MOS2/S0401_MOS2_filt_time.fits withspectrumset=yes spectrumset=/home/padialjr/Desktop/research/reduced_regions/XMM/spectra/S0401_MOS2_Bgd.fits energycolumn=PI spectralbinsize=5 withspecranges=yes specchannelmin=0 specchannelmax=11999 expression='#XMMEA_EM && (PATTERN<=12) && ((X,Y) IN circle(32629.584,16528.45,2891.94))'


# calc area of src and bgd##

#S0401 MOS2 
backscale spectrumset=/home/padialjr/Desktop/research/reduced_regions/XMM/spectra/S0401_MOS2_regA.fits badpixlocation=/home/padialjr/Desktop/research/reduced_regions/XMM/0504810401/MOS2/S0401_MOS2_filt_time.fits #regA
backscale spectrumset=/home/padialjr/Desktop/research/reduced_regions/XMM/spectra/S0401_MOS2_regB.fits badpixlocation=/home/padialjr/Desktop/research/reduced_regions/XMM/0504810401/MOS2/S0401_MOS2_filt_time.fits #regB
backscale spectrumset=/home/padialjr/Desktop/research/reduced_regions/XMM/spectra/S0401_MOS2_regC.fits badpixlocation=/home/padialjr/Desktop/research/reduced_regions/XMM/0504810401/MOS2/S0401_MOS2_filt_time.fits #regC
backscale spectrumset=/home/padialjr/Desktop/research/reduced_regions/XMM/spectra/S0401_MOS2_Bgd.fits badpixlocation=/home/padialjr/Desktop/research/reduced_regions/XMM/0504810401/MOS2/S0401_MOS2_filt_time.fits  #bgd s0401 MOS2


#### GENERATE REDISTRIBUTION MATRIX ####

# rmf S0401 MOS2
rmfgen spectrumset=/home/padialjr/Desktop/research/reduced_regions/XMM/spectra/S0401_MOS2_regA.fits rmfset=/home/padialjr/Desktop/research/reduced_regions/XMM/spectra/S0401_MOS2_regA.rmf
rmfgen spectrumset=/home/padialjr/Desktop/research/reduced_regions/XMM/spectra/S0401_MOS2_regB.fits rmfset=/home/padialjr/Desktop/research/reduced_regions/XMM/spectra/S0401_MOS2_regB.rmf
rmfgen spectrumset=/home/padialjr/Desktop/research/reduced_regions/XMM/spectra/S0401_MOS2_regC.fits rmfset=/home/padialjr/Desktop/research/reduced_regions/XMM/spectra/S0401_MOS2_regC.rmf
rmfgen spectrumset=/home/padialjr/Desktop/research/reduced_regions/XMM/spectra/S0401_MOS2_Bgd.fits rmfset=/home/padialjr/Desktop/research/reduced_regions/XMM/spectra/S0401_MOS2_Bgd.rmf


# GENERATE ARF 

#S0401 MOS2 ARF

arfgen spectrumset=/home/padialjr/Desktop/research/reduced_regions/XMM/spectra/S0401_MOS2_regA.fits arfset=/home/padialjr/Desktop/research/reduced_regions/XMM/spectra/S0401_MOS2_regA.arf withrmfset=yes rmfset=/home/padialjr/Desktop/research/reduced_regions/XMM/spectra/S0401_MOS2_regA.rmf badpixlocation=/home/padialjr/Desktop/research/reduced_regions/XMM/0504810401/MOS2/S0401_MOS2_filt_time.fits detmaptype=flat extendedsource=yes 
arfgen spectrumset=/home/padialjr/Desktop/research/reduced_regions/XMM/spectra/S0401_MOS2_regB.fits arfset=/home/padialjr/Desktop/research/reduced_regions/XMM/spectra/S0401_MOS2_regB.arf withrmfset=yes rmfset=/home/padialjr/Desktop/research/reduced_regions/XMM/spectra/S0401_MOS2_regB.rmf badpixlocation=/home/padialjr/Desktop/research/reduced_regions/XMM/0504810401/MOS2/S0401_MOS2_filt_time.fits detmaptype=flat extendedsource=yes 
arfgen spectrumset=/home/padialjr/Desktop/research/reduced_regions/XMM/spectra/S0401_MOS2_regC.fits arfset=/home/padialjr/Desktop/research/reduced_regions/XMM/spectra/S0401_MOS2_regC.arf withrmfset=yes rmfset=/home/padialjr/Desktop/research/reduced_regions/XMM/spectra/S0401_MOS2_regC.rmf badpixlocation=/home/padialjr/Desktop/research/reduced_regions/XMM/0504810401/MOS2/S0401_MOS2_filt_time.fits detmaptype=flat extendedsource=yes 


## S0401 MOS2 
specgroup spectrumset=/home/padialjr/Desktop/research/reduced_regions/XMM/spectra/S0401_MOS2_regA.fits arfset=/home/padialjr/Desktop/research/reduced_regions/XMM/spectra/S0401_MOS2_regA.arf rmfset=/home/padialjr/Desktop/research/reduced_regions/XMM/spectra/S0401_MOS2_regA.rmf backgndset=/home/padialjr/Desktop/research/reduced_regions/XMM/spectra/S0401_MOS2_Bgd.fits groupedset=/home/padialjr/Desktop/research/reduced_regions/XMM/spectra/S0401_MOS2_regA_sr.fits
specgroup spectrumset=/home/padialjr/Desktop/research/reduced_regions/XMM/spectra/S0401_MOS2_regB.fits arfset=/home/padialjr/Desktop/research/reduced_regions/XMM/spectra/S0401_MOS2_regB.arf rmfset=/home/padialjr/Desktop/research/reduced_regions/XMM/spectra/S0401_MOS2_regB.rmf backgndset=/home/padialjr/Desktop/research/reduced_regions/XMM/spectra/S0401_MOS2_Bgd.fits groupedset=/home/padialjr/Desktop/research/reduced_regions/XMM/spectra/S0401_MOS2_regB_sr.fits
specgroup spectrumset=/home/padialjr/Desktop/research/reduced_regions/XMM/spectra/S0401_MOS2_regC.fits arfset=/home/padialjr/Desktop/research/reduced_regions/XMM/spectra/S0401_MOS2_regC.arf rmfset=/home/padialjr/Desktop/research/reduced_regions/XMM/spectra/S0401_MOS2_regC.rmf backgndset=/home/padialjr/Desktop/research/reduced_regions/XMM/spectra/S0401_MOS2_Bgd.fits groupedset=/home/padialjr/Desktop/research/reduced_regions/XMM/spectra/S0401_MOS2_regC_sr.fits









