
export SAS_CCF=/home/padialjr/Desktop/research/reduced_regions/XMM/0504810401/PN/ccf.cif
export SAS_ODF=/home/padialjr/Desktop/research/reduced_regions/XMM/0504810401/PN/1411_0504810401_SCX00000SUM.SAS


## regA source PN

evselect table=/home/padialjr/Desktop/research/reduced_regions/XMM/0504810401/PN/S0401_PN_filt_time.fits withspectrumset=yes spectrumset=/home/padialjr/Desktop/research/reduced_regions/XMM/spectra/S0401_PN_regA.fits energycolumn=PI spectralbinsize=5 withspecranges=yes specchannelmin=0 specchannelmax=20479 expression='(FLAG==0) &&(PATTERN<=4) && ((X,Y) IN polygon(16637.994,19804.392,16551.511,19875.667,16528.335,19902.584,16475.853,20000.849,16452.905,20095.326,16452.145,20099.143,16445.633,20197.455,16444.706,20295.772,16399.791,20394.03,16354.095,20478.742,16345.626,20492.304,16255.642,20580.491,16214.494,20590.461,16157.289,20602.715,16058.927,20629.294,15960.589,20644.569,15862.25,20656.839,15763.955,20631.444,15735.92,20589.847,15665.781,20517.083,15646.492,20491.408,15569.276,20392.986,15567.607,20390.958,15469.37,20324.109,15371.046,20319.276,15272.721,20328.239,15186.468,20392.5,15174.301,20404.037,15097.393,20490.703,15075.829,20517.692,15036.27,20588.949,14990.293,20687.211,14977.254,20715.064,14944.298,20785.493,14907.369,20883.761,14883.717,20982.058,14878.568,20992.752,14834.339,21080.32,14825.905,21178.637,14827.808,21276.969,14842.637,21375.309,14873.078,21473.672,14877.952,21481.357,14971.557,21572.13,14976.151,21575.614,15074.41,21633.305,15137.231,21670.65,15172.668,21686.932,15270.941,21722.294,15360.691,21769.269,15369.205,21773.792,15467.475,21822.045,15565.748,21854.193,15630.38,21867.932,15664.049,21875.337,15762.361,21886.216,15860.686,21888.691,15958.989,21901.761,16057.3,21913.326,16155.604,21932.467,16253.882,21960.624,16269.44,21967.075,16352.15,22006.716,16450.444,22041.983,16548.731,22063.726,16569.942,22065.781,16647.046,22073.804,16684.328,22065.909,16745.392,22051.637,16843.762,22023.506,16942.146,21975.37,16958.77,21967.942,17040.51,21937.51,17138.881,21903.805,17220.148,21869.965,17237.267,21862.216,17335.652,21816.502,17434.001,21792.464,17487.146,21771.979,17532.37,21755.741,17630.743,21720.673,17729.083,21710.762,17827.439,21678.985,17848.108,21674.105,17925.804,21650.824,18024.213,21585.199,18031.572,21576.006,18122.667,21487.408,18130.302,21477.817,18221.117,21388.213,18236.607,21379.63,18319.484,21346.974,18417.84,21326.791,18516.116,21363.583,18545.626,21380.008,18614.351,21428.81,18660.705,21478.493,18700.892,21576.854,18712.42,21630.994,18719.77,21675.22,18712.335,21703.055,18669.631,21773.467,18613.838,21837.812,18572.62,21871.668,18515.41,21918.625,18424.323,21969.82,18417.018,21975.634,18318.642,22011.877,18283.793,22067.95,18265.517,22166.264,18314.071,22264.643,18318.321,22266.359,18416.639,22272.415,18514.941,22286.767,18613.227,22314.254,18711.537,22327.357,18809.87,22322.055,18908.214,22309.249,19006.547,22299.258,19104.883,22296.883,19203.198,22296.343,19301.52,22297.899,19399.842,22299.35,19498.146,22320.356,19596.445,22343.518,19660.846,22364.674,19694.716,22376.496,19792.994,22417.789,19890.946,22463.296,19891.262,22463.537,19989.475,22549.061,19999.934,22561.771,20040.134,22660.146,20067.279,22758.504,20087.452,22819.561,20099.661,22856.876,20153.743,22955.248,20185.558,22997.276,20245.741,23053.702,20283.783,23076.947,20382.044,23125.372,20460.279,23152.3,20480.32,23158.793,20578.606,23190.29,20676.89,23223.082,20763.989,23251.002,20775.18,23255.029,20873.453,23294.932,20971.735,23320.971,21070.045,23336.325,21168.369,23340.454,21266.707,23332.219,21365.056,23306.399,21463.434,23265.995,21487.409,23251.927,21561.83,23208.546,21611.86,23153.752,21660.294,23096.233,21715.511,23055.567,21758.715,23020.355,21834.14,22957.386,21857.147,22935.492,21955.54,22880.665,22053.889,22861.334,22061.799,22859.369,22152.255,22839.198,22250.595,22822.257,22340.925,22761.398,22345.658,22663.066,22302.391,22564.689,22251.01,22492.657,22232.919,22466.285,22152.824,22381.858,22141.199,22367.836,22054.625,22290.814,22025.939,22269.359,21956.388,22223.765,21858.121,22174.592,21849.206,22170.814,21759.845,22132.674,21661.541,22118.512,21563.234,22100.725,21492.738,22072.034,21464.994,22039.434,21444.015,21973.648,21417.987,21875.291,21428.047,21776.992,21456.085,21678.693,21465.516,21627.833,21476.357,21580.397,21494.342,21482.095,21465.822,21391.713,21462.908,21383.727,21367.62,21292.617,21360.244,21285.281,21269.389,21221.916,21204.613,21186.749,21171.12,21170.851,21072.851,21133.402,20974.558,21107.728,20876.247,21089.749,20869.315,21087.992,20777.953,21065.986,20679.672,21037.958,20581.396,20998.286,20565.785,20989.285,20483.139,20942.069,20384.867,20899.008,20366.971,20890.719,20286.611,20850.942,20188.338,20806.231,20150.684,20792.106,20090.07,20765.616,19991.825,20703.976,19978.081,20693.577,19893.618,20612.632,19875.56,20595.119,19795.438,20500.763,19792.546,20496.675,19717.356,20398.27,19697.265,20376.11,19606.235,20299.794,19599.043,20294.072,19500.805,20228.389,19436.586,20201.249,19402.538,20187.122,19304.238,20166.091,19205.935,20150.775,19107.617,20140.354,19009.314,20121.709,18911.014,20106.68,18891.204,20102.233,18812.72,20077.926,18714.452,20034.787,18645.048,20003.605,18616.181,19989.743,18517.903,19955.436,18419.618,19923.863,18321.31,19911.026,18278.276,19904.809,18223.005,19897.465,18124.696,19889.079,18026.371,19888.569,17928.067,19871.934,17829.76,19859.894,17731.435,19852.81,17633.145,19833.641,17534.821,19830.088,17436.505,19824.71,17338.187,19813.168,17272.621,19805.197,17239.884,19801.641,17141.563,19791.45,17043.283,19765.334,16944.967,19747.913,16846.652,19743.428,16748.31,19757.659,16649.94,19796.665))'

## REG B PN source

evselect table=/home/padialjr/Desktop/research/reduced_regions/XMM/0504810401/PN/S0401_PN_filt_time.fits withspectrumset=yes spectrumset=/home/padialjr/Desktop/research/reduced_regions/XMM/spectra/S0401_PN_regB.fits energycolumn=PI spectralbinsize=5 withspecranges=yes specchannelmin=0 specchannelmax=20479 expression='(FLAG==0) &&(PATTERN<=4) && ((X,Y) IN polygon(23519.458,21623.925,23455.744,21659.532,23361.513,21722.061,23357.338,21725.016,23258.905,21807.396,23244.157,21820.237,23160.459,21905.271,23144.236,21918.43,23061.993,22010.501,23056.656,22016.634,22994.778,22114.89,22963.444,22189.227,22952.311,22213.152,22924.769,22311.453,22923.005,22409.771,22937.976,22508.112,22962.929,22600.047,22964.821,22606.47,23024.024,22704.871,23061.039,22763.461,23091.18,22803.282,23159.206,22883.631,23183.703,22901.723,23257.436,22962.516,23314.091,23000.226,23355.673,23029.917,23453.935,23080.633,23488.053,23098.772,23552.182,23137.664,23636.019,23197.276,23650.418,23208.531,23748.674,23267.733,23835.776,23295.86,23846.946,23300.091,23945.224,23345.545,24043.501,23380.833,24061.222,23394.469,24141.679,23488.598,24144.28,23492.9,24153.059,23591.227,24155.154,23689.549,24160.475,23787.893,24168.167,23886.22,24169.699,23984.541,24212.125,24082.936,24239.168,24152.497,24247.016,24181.303,24305.136,24279.688,24337.247,24344.172,24354.577,24378.085,24405.718,24476.462,24435.308,24546.943,24448.068,24574.852,24494.903,24673.244,24533.37,24755.329,24540.764,24771.614,24584.022,24870.001,24631.439,24962.251,24635.172,24968.393,24699.785,25066.791,24729.576,25106.188,24776.65,25165.213,24827.754,25221.76,24860.72,25263.657,24921.643,25362.046,24925.886,25371.848,24964.71,25460.426,25009.216,25558.805,25023.934,25586.712,25056.139,25657.185,25103.909,25755.584,25122.01,25782.591,25172.996,25853.989,25220.185,25901.245,25273.969,25952.442,25318.392,25989.915,25416.643,26049.72,25419.346,26050.941,25514.9,26100.841,25613.178,26136.658,25683.454,26149.607,25711.475,26156.49,25740.185,26149.692,25809.83,26135.977,25908.198,26104.76,25991.952,26051.679,26006.603,26042.978,26104.2,25953.492,26105.041,25952.672,26184.82,25855.264,26203.522,25828.521,26247.156,25757.035,26290.382,25658.768,26302.101,25627.006,26326.833,25560.481,26354.371,25462.196,26370.956,25363.893,26379.223,25265.571,26386.497,25167.269,26385.055,25068.93,26377.009,24970.591,26369.294,24872.273,26370.638,24773.953,26382.267,24675.63,26390.89,24577.328,26394.301,24479.008,26396.306,24380.667,26386.304,24282.349,26343.553,24183.958,26304.011,24124.946,26278.712,24085.55,26212.374,23987.16,26205.868,23978.161,26142.363,23888.728,26107.739,23833.852,26078.299,23790.334,26057.303,23691.975,26053.37,23593.656,26064.47,23495.335,26068.28,23397.015,26074.901,23298.694,26051.541,23200.356,26010.262,23157.678,25911.991,23117.8,25813.68,23108.417,25781.773,23101.675,25715.385,23089.73,25617.123,23043.098,25553.882,23003.068,25518.868,22978.202,25435.762,22904.604,25420.669,22882.581,25382.572,22806.191,25361.219,22707.846,25343.174,22609.501,25331.467,22511.158,25332.403,22412.838,25323.657,22314.495,25323.079,22311.555,25309.859,22216.171,25268.314,22117.779,25225.081,22058.145,25204.742,22019.379,25126.909,21926.791,25121.968,21920.949,25028.706,21831.692,25018.425,21822.488,24930.49,21753.708,24883.914,21724.006,24832.245,21694.24,24733.971,21644.848,24676.27,21625.415,24635.693,21611.851,24537.397,21588.429,24439.1,21571.183,24340.783,21562.992,24242.465,21557.717,24144.144,21556.918,24045.823,21555.593,23947.503,21553.604,23849.165,21555.791,23750.838,21560.613,23652.497,21578.831,23554.128,21607.344))'


## regC source PN

evselect table=/home/padialjr/Desktop/research/reduced_regions/XMM/0504810401/PN/S0401_PN_filt_time.fits withspectrumset=yes spectrumset=/home/padialjr/Desktop/research/reduced_regions/XMM/spectra/S0401_PN_regC.fits energycolumn=PI spectralbinsize=5 withspecranges=yes specchannelmin=0 specchannelmax=20479 expression='(FLAG==0) && (PATTERN<=4) && ((X,Y) IN polygon(27123.074,21940.312,27052.721,22001.829,27012.795,22038.488,26954.269,22110.976,26934.658,22136.705,26867.049,22234.954,26855.763,22249.039,26777.179,22333.15,26757.29,22361.017,26687.645,22431.362,26658.844,22460.351,26592.443,22529.571,26560.378,22569.88,26507.63,22627.794,26461.904,22687.785,26436.789,22726.031,26403.133,22824.298,26376.154,22922.603,26401.973,23020.958,26461.436,23056.325,26559.754,23058.341,26658.117,23031.612,26694.55,23021.32,26756.478,23004.758,26854.838,22981.44,26953.195,22954.817,27051.529,22945.57,27149.854,22943.838,27235.963,22923.689,27248.207,22920.182,27346.568,22891.861,27444.928,22865.356,27543.286,22839.946,27567.546,22825.788,27641.703,22768.051,27669.439,22727.589,27714.095,22629.333,27740.303,22544.072,27743.818,22531.029,27766.102,22432.75,27774.571,22334.423,27772.148,22236.105,27758.97,22137.756,27740.913,22064.991,27732.878,22039.397,27664.643,21940.992,27642.777,21921.209,27544.523,21860.384,27446.222,21843.194,27347.884,21852.659,27249.538,21872.04,27151.152,21921.857))'


## bgd S0401 PN 

evselect table=/home/padialjr/Desktop/research/reduced_regions/XMM/0504810401/PN/S0401_PN_filt_time.fits withspectrumset=yes spectrumset=/home/padialjr/Desktop/research/reduced_regions/XMM/spectra/S0401_PN_Bgd.fits energycolumn=PI spectralbinsize=5 withspecranges=yes specchannelmin=0 specchannelmax=20479 expression='(FLAG==0) && (PATTERN<=4) && ((X,Y) IN circle(35884.173,20819.545,2891.9411))'


#PN 
backscale spectrumset=/home/padialjr/Desktop/research/reduced_regions/XMM/spectra/S0401_PN_regA.fits badpixlocation=/home/padialjr/Desktop/research/reduced_regions/XMM/0504810401/PN/S0401_PN_filt_time.fits #regA
backscale spectrumset=/home/padialjr/Desktop/research/reduced_regions/XMM/spectra/S0401_PN_regB.fits badpixlocation=/home/padialjr/Desktop/research/reduced_regions/XMM/0504810401/PN/S0401_PN_filt_time.fits #regB
backscale spectrumset=/home/padialjr/Desktop/research/reduced_regions/XMM/spectra/S0401_PN_regC.fits badpixlocation=/home/padialjr/Desktop/research/reduced_regions/XMM/0504810401/PN/S0401_PN_filt_time.fits #regC

backscale spectrumset=/home/padialjr/Desktop/research/reduced_regions/XMM/spectra/S0401_PN_Bgd.fits badpixlocation=/home/padialjr/Desktop/research/reduced_regions/XMM/0504810401/PN/S0401_PN_filt_time.fits  #bgd S0401 PN


# rmf S0401 PN
rmfgen spectrumset=/home/padialjr/Desktop/research/reduced_regions/XMM/spectra/S0401_PN_regA.fits rmfset=/home/padialjr/Desktop/research/reduced_regions/XMM/spectra/S0401_PN_regA.rmf
rmfgen spectrumset=/home/padialjr/Desktop/research/reduced_regions/XMM/spectra/S0401_PN_regB.fits rmfset=/home/padialjr/Desktop/research/reduced_regions/XMM/spectra/S0401_PN_regB.rmf
rmfgen spectrumset=/home/padialjr/Desktop/research/reduced_regions/XMM/spectra/S0401_PN_regC.fits rmfset=/home/padialjr/Desktop/research/reduced_regions/XMM/spectra/S0401_PN_regC.rmf

rmfgen spectrumset=/home/padialjr/Desktop/research/reduced_regions/XMM/spectra/S0401_PN_Bgd.fits rmfset=/home/padialjr/Desktop/research/reduced_regions/XMM/spectra/S0401_PN_Bgd.rmf


#S0401 PN ARF

arfgen spectrumset=/home/padialjr/Desktop/research/reduced_regions/XMM/spectra/S0401_PN_regA.fits arfset=/home/padialjr/Desktop/research/reduced_regions/XMM/spectra/S0401_PN_regA.arf withrmfset=yes rmfset=/home/padialjr/Desktop/research/reduced_regions/XMM/spectra/S0401_PN_regA.rmf badpixlocation=/home/padialjr/Desktop/research/reduced_regions/XMM/0504810401/PN/S0401_PN_filt_time.fits detmaptype=flat extendedsource=yes 
arfgen spectrumset=/home/padialjr/Desktop/research/reduced_regions/XMM/spectra/S0401_PN_regB.fits arfset=/home/padialjr/Desktop/research/reduced_regions/XMM/spectra/S0401_PN_regB.arf withrmfset=yes rmfset=/home/padialjr/Desktop/research/reduced_regions/XMM/spectra/S0401_PN_regB.rmf badpixlocation=/home/padialjr/Desktop/research/reduced_regions/XMM/0504810401/PN/S0401_PN_filt_time.fits detmaptype=flat extendedsource=yes 
arfgen spectrumset=/home/padialjr/Desktop/research/reduced_regions/XMM/spectra/S0401_PN_regC.fits arfset=/home/padialjr/Desktop/research/reduced_regions/XMM/spectra/S0401_PN_regC.arf withrmfset=yes rmfset=/home/padialjr/Desktop/research/reduced_regions/XMM/spectra/S0401_PN_regC.rmf badpixlocation=/home/padialjr/Desktop/research/reduced_regions/XMM/0504810401/PN/S0401_PN_filt_time.fits detmaptype=flat extendedsource=yes 


## S0401 PN 
specgroup spectrumset=/home/padialjr/Desktop/research/reduced_regions/XMM/spectra/S0401_PN_regA.fits arfset=/home/padialjr/Desktop/research/reduced_regions/XMM/spectra/S0401_PN_regA.arf rmfset=/home/padialjr/Desktop/research/reduced_regions/XMM/spectra/S0401_PN_regA.rmf backgndset=/home/padialjr/Desktop/research/reduced_regions/XMM/spectra/S0401_PN_Bgd.fits groupedset=/home/padialjr/Desktop/research/reduced_regions/XMM/spectra/S0401_PN_regA_sr.fits
specgroup spectrumset=/home/padialjr/Desktop/research/reduced_regions/XMM/spectra/S0401_PN_regB.fits arfset=/home/padialjr/Desktop/research/reduced_regions/XMM/spectra/S0401_PN_regB.arf rmfset=/home/padialjr/Desktop/research/reduced_regions/XMM/spectra/S0401_PN_regB.rmf backgndset=/home/padialjr/Desktop/research/reduced_regions/XMM/spectra/S0401_PN_Bgd.fits groupedset=/home/padialjr/Desktop/research/reduced_regions/XMM/spectra/S0401_PN_regB_sr.fits
specgroup spectrumset=/home/padialjr/Desktop/research/reduced_regions/XMM/spectra/S0401_PN_regC.fits arfset=/home/padialjr/Desktop/research/reduced_regions/XMM/spectra/S0401_PN_regC.arf rmfset=/home/padialjr/Desktop/research/reduced_regions/XMM/spectra/S0401_PN_regC.rmf backgndset=/home/padialjr/Desktop/research/reduced_regions/XMM/spectra/S0401_PN_Bgd.fits groupedset=/home/padialjr/Desktop/research/reduced_regions/XMM/spectra/S0401_PN_regC_sr.fits




