#heainit
#sas_start

export SAS_CCF=/home/padialjr/Desktop/research/reduced_regions/XMM/0504810401/MOS1/ccf.cif
export SAS_ODF=/home/padialjr/Desktop/research/reduced_regions/XMM/0504810401/MOS1/1411_0504810401_SCX00000SUM.SAS

## regA source S_MOS1

evselect table=/home/padialjr/Desktop/research/reduced_regions/XMM/0504810401/MOS1/S0401_MOS1_filt_time.fits withspectrumset=yes spectrumset=/home/padialjr/Desktop/research/reduced_regions/XMM/spectra/S0401_MOS1_regA.fits energycolumn=PI spectralbinsize=5 withspecranges=yes specchannelmin=0 specchannelmax=11999 expression='#XMMEA_EM && (PATTERN<=12) && ((X,Y) IN polygon(16349.995,19689.189,16263.512,19760.465,16240.336,19787.381,16187.854,19885.646,16164.907,19980.124,16164.146,19983.94,16157.634,20082.252,16156.707,20180.569,16111.792,20278.827,16066.096,20363.54,16057.627,20377.101,15967.643,20465.288,15926.495,20475.258,15869.29,20487.512,15770.928,20514.091,15672.59,20529.366,15574.252,20541.636,15475.956,20516.241,15447.921,20474.644,15377.782,20401.88,15358.493,20376.205,15281.277,20277.783,15279.609,20275.755,15181.371,20208.906,15083.047,20204.073,14984.722,20213.036,14898.469,20277.297,14886.302,20288.835,14809.394,20375.5,14787.83,20402.489,14748.271,20473.746,14702.294,20572.008,14689.255,20599.861,14656.299,20670.29,14619.37,20768.558,14595.718,20866.856,14590.569,20877.549,14546.34,20965.117,14537.906,21063.434,14539.809,21161.766,14554.638,21260.106,14585.079,21358.469,14589.953,21366.155,14683.558,21456.927,14688.152,21460.411,14786.411,21518.103,14849.232,21555.447,14884.669,21571.729,14982.942,21607.091,15072.692,21654.066,15081.206,21658.589,15179.477,21706.842,15277.749,21738.991,15342.381,21752.729,15376.05,21760.134,15474.362,21771.013,15572.687,21773.488,15670.99,21786.558,15769.301,21798.123,15867.605,21817.264,15965.883,21845.421,15981.441,21851.873,16064.151,21891.513,16162.445,21926.78,16260.732,21948.523,16281.943,21950.578,16359.047,21958.601,16396.329,21950.706,16457.393,21936.435,16555.763,21908.303,16654.147,21860.168,16670.771,21852.739,16752.511,21822.307,16850.882,21788.602,16932.149,21754.762,16949.268,21747.013,17047.653,21701.299,17146.002,21677.261,17199.147,21656.776,17244.371,21640.538,17342.744,21605.471,17441.084,21595.559,17539.44,21563.782,17560.109,21558.902,17637.805,21535.621,17736.214,21469.996,17743.573,21460.803,17834.668,21372.205,17842.303,21362.614,17933.118,21273.01,17948.608,21264.428,18031.485,21231.771,18129.841,21211.588,18228.117,21248.38,18257.627,21264.805,18326.352,21313.608,18372.706,21363.29,18412.893,21461.651,18424.421,21515.791,18431.771,21560.017,18424.336,21587.852,18381.632,21658.264,18325.839,21722.609,18284.621,21756.465,18227.411,21803.422,18136.324,21854.617,18129.019,21860.431,18030.643,21896.674,17995.794,21952.748,17977.518,22051.061,18026.072,22149.44,18030.322,22151.156,18128.64,22157.212,18226.942,22171.564,18325.228,22199.051,18423.538,22212.154,18521.871,22206.853,18620.215,22194.046,18718.548,22184.055,18816.884,22181.68,18915.199,22181.14,19013.521,22182.696,19111.843,22184.147,19210.147,22205.153,19308.446,22228.315,19372.847,22249.471,19406.717,22261.293,19504.995,22302.586,19602.947,22348.094,19603.263,22348.334,19701.476,22433.858,19711.935,22446.568,19752.135,22544.944,19779.28,22643.301,19799.453,22704.358,19811.662,22741.673,19865.744,22840.045,19897.559,22882.073,19957.743,22938.5,19995.784,22961.744,20094.045,23010.169,20172.28,23037.098,20192.322,23043.59,20290.607,23075.087,20388.891,23107.879,20475.99,23135.799,20487.181,23139.827,20585.454,23179.73,20683.736,23205.768,20782.046,23221.122,20880.37,23225.251,20978.708,23217.016,21077.057,23191.196,21175.435,23150.792,21199.41,23136.724,21273.831,23093.343,21323.861,23038.549,21372.295,22981.03,21427.512,22940.364,21470.716,22905.152,21546.141,22842.184,21569.148,22820.289,21667.541,22765.463,21765.89,22746.131,21773.8,22744.166,21864.256,22723.995,21962.596,22707.055,22052.926,22646.195,22057.659,22547.863,22014.392,22449.487,21963.011,22377.454,21944.92,22351.082,21864.825,22266.655,21853.2,22252.633,21766.626,22175.611,21737.94,22154.156,21668.389,22108.562,21570.122,22059.389,21561.207,22055.611,21471.846,22017.471,21373.542,22003.309,21275.235,21985.522,21204.739,21956.831,21176.995,21924.231,21156.016,21858.445,21129.988,21760.088,21140.048,21661.789,21168.086,21563.49,21177.517,21512.63,21188.358,21465.194,21206.343,21366.892,21177.823,21276.51,21174.909,21268.524,21079.621,21177.414,21072.245,21170.078,20981.39,21106.714,20916.614,21071.546,20883.121,21055.648,20784.852,21018.199,20686.559,20992.525,20588.248,20974.546,20581.316,20972.789,20489.954,20950.783,20391.673,20922.755,20293.397,20883.083,20277.786,20874.083,20195.14,20826.866,20096.868,20783.805,20078.972,20775.517,19998.613,20735.739,19900.339,20691.028,19862.685,20676.903,19802.071,20650.413,19703.826,20588.774,19690.082,20578.374,19605.619,20497.429,19587.561,20479.917,19507.439,20385.56,19504.547,20381.472,19429.357,20283.067,19409.266,20260.907,19318.236,20184.591,19311.044,20178.869,19212.806,20113.186,19148.587,20086.046,19114.539,20071.919,19016.239,20050.888,18917.936,20035.572,18819.618,20025.152,18721.315,20006.506,18623.015,19991.477,18603.205,19987.03,18524.721,19962.723,18426.453,19919.584,18357.049,19888.402,18328.182,19874.541,18229.904,19840.233,18131.619,19808.66,18033.311,19795.823,17990.277,19789.606,17935.006,19782.262,17836.697,19773.876,17738.372,19773.366,17640.068,19756.731,17541.761,19744.691,17443.436,19737.607,17345.146,19718.438,17246.822,19714.885,17148.506,19709.507,17050.188,19697.965,16984.622,19689.994,16951.885,19686.438,16853.564,19676.247,16755.284,19650.131,16656.968,19632.71,16558.653,19628.225,16460.311,19642.456,16361.941,19681.462))'


## regB source S_MOS1

evselect table=/home/padialjr/Desktop/research/reduced_regions/XMM/0504810401/MOS1/S0401_MOS1_filt_time.fits withspectrumset=yes spectrumset=/home/padialjr/Desktop/research/reduced_regions/XMM/spectra/S0401_MOS1_regB.fits energycolumn=PI spectralbinsize=5 withspecranges=yes specchannelmin=0 specchannelmax=11999 expression='#XMMEA_EM && (PATTERN<=12) && ((X,Y) IN polygon(23519.458,21623.925,23455.744,21659.532,23361.513,21722.061,23357.338,21725.016,23258.905,21807.396,23244.157,21820.237,23160.459,21905.271,23144.236,21918.43,23061.993,22010.501,23056.656,22016.634,22994.778,22114.89,22963.444,22189.227,22952.311,22213.152,22924.769,22311.453,22923.005,22409.771,22937.976,22508.112,22962.929,22600.047,22964.821,22606.47,23024.024,22704.871,23061.039,22763.461,23091.18,22803.282,23159.206,22883.631,23183.703,22901.723,23257.436,22962.516,23314.091,23000.226,23355.673,23029.917,23453.935,23080.633,23488.053,23098.772,23552.182,23137.664,23636.019,23197.276,23650.418,23208.531,23748.674,23267.733,23835.776,23295.86,23846.946,23300.091,23945.224,23345.545,24043.501,23380.833,24061.222,23394.469,24141.679,23488.598,24144.28,23492.9,24153.059,23591.227,24155.154,23689.549,24160.475,23787.893,24168.167,23886.22,24169.699,23984.541,24212.125,24082.936,24239.168,24152.497,24247.016,24181.303,24305.136,24279.688,24337.247,24344.172,24354.577,24378.085,24405.718,24476.462,24435.308,24546.943,24448.068,24574.852,24494.903,24673.244,24533.37,24755.329,24540.764,24771.614,24584.022,24870.001,24631.439,24962.251,24635.172,24968.393,24699.785,25066.791,24729.576,25106.188,24776.65,25165.213,24827.754,25221.76,24860.72,25263.657,24921.643,25362.046,24925.886,25371.848,24964.71,25460.426,25009.216,25558.805,25023.934,25586.712,25056.139,25657.185,25103.909,25755.584,25122.01,25782.591,25172.996,25853.989,25220.185,25901.245,25273.969,25952.442,25318.392,25989.915,25416.643,26049.72,25419.346,26050.941,25514.9,26100.841,25613.178,26136.658,25683.454,26149.607,25711.475,26156.49,25740.185,26149.692,25809.83,26135.977,25908.198,26104.76,25991.952,26051.679,26006.603,26042.978,26104.2,25953.492,26105.041,25952.672,26184.82,25855.264,26203.522,25828.521,26247.156,25757.035,26290.382,25658.768,26302.101,25627.006,26326.833,25560.481,26354.371,25462.196,26370.956,25363.893,26379.223,25265.571,26386.497,25167.269,26385.055,25068.93,26377.009,24970.591,26369.294,24872.273,26370.638,24773.953,26382.267,24675.63,26390.89,24577.328,26394.301,24479.008,26396.306,24380.667,26386.304,24282.349,26343.553,24183.958,26304.011,24124.946,26278.712,24085.55,26212.374,23987.16,26205.868,23978.161,26142.363,23888.728,26107.739,23833.852,26078.299,23790.334,26057.303,23691.975,26053.37,23593.656,26064.47,23495.335,26068.28,23397.015,26074.901,23298.694,26051.541,23200.356,26010.262,23157.678,25911.991,23117.8,25813.68,23108.417,25781.773,23101.675,25715.385,23089.73,25617.123,23043.098,25553.882,23003.068,25518.868,22978.202,25435.762,22904.604,25420.669,22882.581,25382.572,22806.191,25361.219,22707.846,25343.174,22609.501,25331.467,22511.158,25332.403,22412.838,25323.657,22314.495,25323.079,22311.555,25309.859,22216.171,25268.314,22117.779,25225.081,22058.145,25204.742,22019.379,25126.909,21926.791,25121.968,21920.949,25028.706,21831.692,25018.425,21822.488,24930.49,21753.708,24883.914,21724.006,24832.245,21694.24,24733.971,21644.848,24676.27,21625.415,24635.693,21611.851,24537.397,21588.429,24439.1,21571.183,24340.783,21562.992,24242.465,21557.717,24144.144,21556.918,24045.823,21555.593,23947.503,21553.604,23849.165,21555.791,23750.838,21560.613,23652.497,21578.831,23554.128,21607.344))'


## regC source S_MOS1

evselect table=/home/padialjr/Desktop/research/reduced_regions/XMM/0504810401/MOS1/S0401_MOS1_filt_time.fits withspectrumset=yes spectrumset=/home/padialjr/Desktop/research/reduced_regions/XMM/spectra/S0401_MOS1_regC.fits energycolumn=PI spectralbinsize=5 withspecranges=yes specchannelmin=0 specchannelmax=11999 expression='#XMMEA_EM && (PATTERN<=12) && ((X,Y) IN polygon(27065.474,21940.311,26995.121,22001.828,26955.195,22038.488,26896.669,22110.976,26877.058,22136.705,26809.449,22234.954,26798.163,22249.039,26719.579,22333.149,26699.69,22361.017,26630.045,22431.361,26601.244,22460.351,26534.843,22529.571,26502.778,22569.88,26450.03,22627.794,26404.304,22687.785,26379.189,22726.03,26345.533,22824.297,26318.554,22922.602,26344.373,23020.957,26403.836,23056.325,26502.154,23058.34,26600.517,23031.611,26636.95,23021.319,26698.878,23004.758,26797.238,22981.44,26895.595,22954.817,26993.929,22945.57,27092.254,22943.838,27178.363,22923.689,27190.607,22920.181,27288.968,22891.861,27387.328,22865.355,27485.686,22839.945,27509.946,22825.787,27584.103,22768.051,27611.839,22727.589,27656.495,22629.333,27682.703,22544.071,27686.218,22531.028,27708.502,22432.75,27716.971,22334.422,27714.548,22236.104,27701.37,22137.755,27683.313,22064.99,27675.278,22039.397,27607.043,21940.992,27585.177,21921.209,27486.923,21860.383,27388.622,21843.193,27290.284,21852.659,27191.938,21872.04,27093.552,21921.856))'


## bgd S0401 SMOS1
evselect table=/home/padialjr/Desktop/research/reduced_regions/XMM/0504810401/MOS1/S0401_MOS1_filt_time.fits withspectrumset=yes spectrumset=/home/padialjr/Desktop/research/reduced_regions/XMM/spectra/S0401_MOS1_Bgd.fits energycolumn=PI spectralbinsize=5 withspecranges=yes specchannelmin=0 specchannelmax=11999 expression='#XMMEA_EM && (PATTERN<=12) && ((X,Y) IN circle(38682.887,20985.144,2891.94))'


# calc area of src and bgd##

#S0401 MOS1 
backscale spectrumset=/home/padialjr/Desktop/research/reduced_regions/XMM/spectra/S0401_MOS1_regA.fits badpixlocation=/home/padialjr/Desktop/research/reduced_regions/XMM/0504810401/MOS1/S0401_MOS1_filt_time.fits #regA
backscale spectrumset=/home/padialjr/Desktop/research/reduced_regions/XMM/spectra/S0401_MOS1_regB.fits badpixlocation=/home/padialjr/Desktop/research/reduced_regions/XMM/0504810401/MOS1/S0401_MOS1_filt_time.fits #regB
backscale spectrumset=/home/padialjr/Desktop/research/reduced_regions/XMM/spectra/S0401_MOS1_regC.fits badpixlocation=/home/padialjr/Desktop/research/reduced_regions/XMM/0504810401/MOS1/S0401_MOS1_filt_time.fits #regC
backscale spectrumset=/home/padialjr/Desktop/research/reduced_regions/XMM/spectra/S0401_MOS1_Bgd.fits badpixlocation=/home/padialjr/Desktop/research/reduced_regions/XMM/0504810401/MOS1/S0401_MOS1_filt_time.fits  #bgd s0401 mos1


#### GENERATE REDISTRIBUTION MATRIX ####

# rmf S0401 MOS1
rmfgen spectrumset=/home/padialjr/Desktop/research/reduced_regions/XMM/spectra/S0401_MOS1_regA.fits rmfset=/home/padialjr/Desktop/research/reduced_regions/XMM/spectra/S0401_MOS1_regA.rmf
rmfgen spectrumset=/home/padialjr/Desktop/research/reduced_regions/XMM/spectra/S0401_MOS1_regB.fits rmfset=/home/padialjr/Desktop/research/reduced_regions/XMM/spectra/S0401_MOS1_regB.rmf
rmfgen spectrumset=/home/padialjr/Desktop/research/reduced_regions/XMM/spectra/S0401_MOS1_regC.fits rmfset=/home/padialjr/Desktop/research/reduced_regions/XMM/spectra/S0401_MOS1_regC.rmf
rmfgen spectrumset=/home/padialjr/Desktop/research/reduced_regions/XMM/spectra/S0401_MOS1_Bgd.fits rmfset=/home/padialjr/Desktop/research/reduced_regions/XMM/spectra/S0401_MOS1_Bgd.rmf


# GENERATE ARF 

#S0401 MOS1 ARF

arfgen spectrumset=/home/padialjr/Desktop/research/reduced_regions/XMM/spectra/S0401_MOS1_regA.fits arfset=/home/padialjr/Desktop/research/reduced_regions/XMM/spectra/S0401_MOS1_regA.arf withrmfset=yes rmfset=/home/padialjr/Desktop/research/reduced_regions/XMM/spectra/S0401_MOS1_regA.rmf badpixlocation=/home/padialjr/Desktop/research/reduced_regions/XMM/0504810401/MOS1/S0401_MOS1_filt_time.fits detmaptype=flat extendedsource=yes 
arfgen spectrumset=/home/padialjr/Desktop/research/reduced_regions/XMM/spectra/S0401_MOS1_regB.fits arfset=/home/padialjr/Desktop/research/reduced_regions/XMM/spectra/S0401_MOS1_regB.arf withrmfset=yes rmfset=/home/padialjr/Desktop/research/reduced_regions/XMM/spectra/S0401_MOS1_regB.rmf badpixlocation=/home/padialjr/Desktop/research/reduced_regions/XMM/0504810401/MOS1/S0401_MOS1_filt_time.fits detmaptype=flat extendedsource=yes 
arfgen spectrumset=/home/padialjr/Desktop/research/reduced_regions/XMM/spectra/S0401_MOS1_regC.fits arfset=/home/padialjr/Desktop/research/reduced_regions/XMM/spectra/S0401_MOS1_regC.arf withrmfset=yes rmfset=/home/padialjr/Desktop/research/reduced_regions/XMM/spectra/S0401_MOS1_regC.rmf badpixlocation=/home/padialjr/Desktop/research/reduced_regions/XMM/0504810401/MOS1/S0401_MOS1_filt_time.fits detmaptype=flat extendedsource=yes 


## S0401 MOS1 
specgroup spectrumset=/home/padialjr/Desktop/research/reduced_regions/XMM/spectra/S0401_MOS1_regA.fits arfset=/home/padialjr/Desktop/research/reduced_regions/XMM/spectra/S0401_MOS1_regA.arf rmfset=/home/padialjr/Desktop/research/reduced_regions/XMM/spectra/S0401_MOS1_regA.rmf backgndset=/home/padialjr/Desktop/research/reduced_regions/XMM/spectra/S0401_MOS1_Bgd.fits groupedset=/home/padialjr/Desktop/research/reduced_regions/XMM/spectra/S0401_MOS1_regA_sr.fits
specgroup spectrumset=/home/padialjr/Desktop/research/reduced_regions/XMM/spectra/S0401_MOS1_regB.fits arfset=/home/padialjr/Desktop/research/reduced_regions/XMM/spectra/S0401_MOS1_regB.arf rmfset=/home/padialjr/Desktop/research/reduced_regions/XMM/spectra/S0401_MOS1_regB.rmf backgndset=/home/padialjr/Desktop/research/reduced_regions/XMM/spectra/S0401_MOS1_Bgd.fits groupedset=/home/padialjr/Desktop/research/reduced_regions/XMM/spectra/S0401_MOS1_regB_sr.fits
specgroup spectrumset=/home/padialjr/Desktop/research/reduced_regions/XMM/spectra/S0401_MOS1_regC.fits arfset=/home/padialjr/Desktop/research/reduced_regions/XMM/spectra/S0401_MOS1_regC.arf rmfset=/home/padialjr/Desktop/research/reduced_regions/XMM/spectra/S0401_MOS1_regC.rmf backgndset=/home/padialjr/Desktop/research/reduced_regions/XMM/spectra/S0401_MOS1_Bgd.fits groupedset=/home/padialjr/Desktop/research/reduced_regions/XMM/spectra/S0401_MOS1_regC_sr.fits









