
export SAS_CCF=~/Desktop/research/reduced_regions/XMM/0110010501/PN/ccf.cif
export SAS_ODF=~/Desktop/research/reduced_regions/XMM/0110010501/PN/0309_0110010501_SCX00000SUM.SAS

## regA source PN

evselect table=~/Desktop/research/reduced_regions/XMM/0110010501/PN/S0501_PN_filt_time.fits withspectrumset=yes spectrumset=~/Desktop/research/reduced_regions/XMM/spectra/S0501_PN_regA.fits energycolumn=PI spectralbinsize=5 withspecranges=yes specchannelmin=0 specchannelmax=20479 expression='(FLAG==0) &&(PATTERN<=4) && ((X,Y) IN polygon(16599.919,19890.899,16513.431,19962.168,16490.254,19989.083,16437.764,20087.344,16414.811,20181.82,16414.05,20185.637,16407.532,20283.948,16406.598,20382.265,16361.677,20480.52,16315.975,20565.23,16307.505,20578.79,16217.515,20666.972,16176.366,20676.939,16119.161,20689.189,16020.797,20715.761,15922.458,20731.029,15824.118,20743.293,15725.824,20717.891,15697.792,20676.292,15627.658,20603.524,15608.37,20577.848,15531.161,20479.421,15529.493,20477.392,15431.26,20410.537,15332.936,20405.697,15234.611,20414.653,15148.353,20478.908,15136.185,20490.445,15059.271,20577.106,15037.706,20604.094,14998.142,20675.347,14952.159,20773.607,14939.117,20801.458,14906.157,20871.885,14869.221,20970.151,14845.563,21068.447,14840.413,21079.14,14796.178,21166.705,14787.737,21265.022,14789.633,21363.354,14804.456,21461.695,14834.89,21560.059,14839.764,21567.746,14933.363,21658.524,14937.957,21662.009,15036.212,21719.707,15099.031,21757.056,15134.467,21773.34,15232.737,21808.709,15322.484,21855.69,15330.997,21860.213,15429.265,21908.473,15527.535,21940.628,15592.166,21954.371,15625.835,21961.778,15724.146,21972.664,15822.471,21975.145,15920.773,21988.221,16019.083,21999.793,16117.386,22018.941,16215.662,22047.104,16231.219,22053.557,16313.927,22093.203,16412.218,22128.477,16510.504,22150.226,16531.715,22152.283,16608.818,22160.311,16646.101,22152.418,16707.166,22138.151,16805.538,22110.026,16903.925,22061.897,16920.55,22054.47,17002.292,22024.044,17100.665,21990.345,17181.934,21956.51,17199.054,21948.763,17297.442,21903.055,17395.792,21879.024,17448.939,21858.542,17494.164,21842.307,17592.54,21807.246,17690.88,21797.341,17789.238,21765.571,17809.908,21760.693,17887.605,21737.417,17986.019,21671.798,17993.378,21662.606,18084.479,21574.014,18092.114,21564.423,18182.936,21474.826,18198.427,21466.244,18281.306,21433.593,18379.663,21413.417,18477.936,21450.215,18507.445,21466.642,18576.167,21515.45,18622.518,21565.135,18662.698,21663.499,18674.222,21717.64,18681.569,21761.866,18674.133,21789.7,18631.424,21860.11,18575.626,21924.451,18534.406,21958.304,18477.193,22005.258,18386.103,22056.446,18378.798,22062.26,18280.419,22098.497,18245.566,22154.567,18227.284,22252.88,18275.831,22351.262,18280.08,22352.978,18378.398,22359.041,18476.7,22373.399,18574.984,22400.893,18673.293,22414.003,18771.626,22408.708,18869.971,22395.908,18968.305,22385.924,19066.64,22383.555,19164.955,22383.022,19263.278,22384.584,19361.6,22386.042,19459.902,22407.055,19558.2,22430.223,19622.599,22451.383,19656.469,22463.208,19754.743,22504.507,19852.692,22550.021,19853.009,22550.262,19951.216,22635.793,19961.674,22648.504,20001.867,22746.881,20029.006,22845.241,20049.175,22906.299,20061.382,22943.615,20115.457,23041.99,20147.269,23084.021,20207.449,23140.451,20245.488,23163.698,20343.746,23212.13,20421.979,23239.064,20442.02,23245.558,20540.303,23277.061,20638.586,23309.86,20725.683,23337.785,20736.873,23341.814,20835.144,23381.723,20933.425,23407.768,21031.733,23423.129,21130.057,23427.265,21228.396,23419.036,21326.746,23393.223,21425.127,23352.825,21449.103,23338.759,21523.527,23295.383,21573.56,23240.592,21621.999,23183.076,21677.218,23142.414,21720.425,23107.205,21795.854,23044.242,21818.862,23022.349,21917.259,22967.529,22015.609,22948.204,22023.52,22946.24,22113.976,22926.075,22212.318,22909.141,22302.652,22848.288,22307.391,22749.956,22264.131,22651.576,22212.755,22579.541,22194.666,22553.167,22114.577,22468.735,22102.953,22454.712,22016.384,22377.684,21987.699,22356.227,21918.151,22310.629,21819.888,22261.449,21810.972,22257.671,21721.614,22219.525,21623.311,22205.356,21525.005,22187.562,21454.511,22158.867,21426.77,22126.264,21405.795,22060.477,21379.773,21962.118,21389.84,21863.82,21417.885,21765.523,21427.319,21714.664,21438.163,21667.228,21456.155,21568.928,21427.641,21478.544,21424.727,21470.557,21329.445,21379.441,21322.07,21372.104,21231.22,21308.734,21166.445,21273.562,21132.954,21257.662,21034.688,21220.206,20936.396,21194.525,20838.087,21176.54,20831.154,21174.783,20739.794,21152.77,20641.514,21124.736,20543.241,21085.057,20527.63,21076.056,20444.988,21028.834,20346.719,20985.766,20328.823,20977.476,20248.467,20937.693,20150.196,20892.976,20112.543,20878.849,20051.931,20852.354,19953.69,20790.708,19939.946,20780.308,19855.489,20699.357,19837.432,20681.843,19757.316,20587.482,19754.425,20583.393,19679.241,20484.983,19659.152,20462.821,19568.127,20386.499,19560.935,20380.777,19462.702,20315.088,19398.484,20287.943,19364.438,20273.814,19266.139,20252.776,19167.837,20237.454,19069.52,20227.027,18971.218,20208.375,18872.918,20193.339,18853.11,20188.891,18774.627,20164.578,18676.362,20121.433,18606.96,20090.246,18578.094,20076.383,18479.818,20042.068,18381.536,20010.489,18283.228,19997.646,18240.195,19991.425,18184.924,19984.078,18086.615,19975.685,17988.29,19975.168,17889.987,19958.527,17791.682,19946.48,17693.357,19939.39,17595.068,19920.214,17496.744,19916.655,17398.429,19911.27,17300.112,19899.721,17234.546,19891.746,17201.809,19888.188,17103.489,19877.99,17005.21,19851.867,16906.896,19834.44,16808.581,19829.949,16710.239,19844.173,16611.866,19883.172))'

## REG B PN source

evselect table=~/Desktop/research/reduced_regions/XMM/0110010501/PN/S0501_PN_filt_time.fits withspectrumset=yes spectrumset=~/Desktop/research/reduced_regions/XMM/spectra/S0501_PN_regB.fits energycolumn=PI spectralbinsize=5 withspecranges=yes specchannelmin=0 specchannelmax=20479 expression='(FLAG==0) &&(PATTERN<=4) && ((X,Y) IN polygon(23723.501,21768.507,23659.784,21804.11,23565.55,21866.633,23561.375,21869.588,23462.936,21951.96,23448.187,21964.801,23364.483,22049.829,23348.259,22062.987,23266.011,22155.053,23260.673,22161.185,23198.788,22259.437,23167.449,22333.772,23156.315,22357.696,23128.766,22455.995,23126.996,22554.313,23141.96,22652.655,23166.907,22744.592,23168.798,22751.015,23227.994,22849.42,23265.006,22908.013,23295.144,22947.835,23363.165,23028.189,23387.66,23046.282,23461.389,23107.08,23518.042,23144.794,23559.621,23174.488,23657.881,23225.21,23691.997,23243.352,23756.123,23282.248,23839.957,23341.865,23854.355,23353.122,23952.607,23412.331,24039.707,23440.464,24050.877,23444.695,24149.152,23490.155,24247.426,23525.451,24265.147,23539.087,24345.598,23633.221,24348.198,23637.524,24356.97,23735.852,24359.059,23834.174,24364.373,23932.519,24372.058,24030.845,24373.584,24129.167,24416.004,24227.564,24443.041,24297.128,24450.887,24325.934,24509.001,24424.323,24541.107,24488.809,24558.435,24522.723,24609.57,24621.104,24639.155,24691.586,24651.913,24719.496,24698.742,24817.891,24737.203,24899.979,24744.596,24916.264,24787.848,25014.655,24835.258,25106.907,24838.991,25113.05,24903.597,25211.452,24933.386,25250.851,24980.455,25309.88,25031.556,25366.43,25064.519,25408.329,25125.435,25506.722,25129.677,25516.525,25168.496,25605.105,25212.995,25703.487,25227.712,25731.395,25259.912,25801.87,25307.675,25900.272,25325.774,25927.28,25376.755,25998.682,25423.941,26045.941,25477.722,26097.142,25522.142,26134.618,25620.389,26194.43,25623.092,26195.651,25718.643,26245.557,25816.918,26281.38,25887.194,26294.334,25915.213,26301.219,25943.925,26294.424,26013.57,26280.713,26111.94,26249.502,26195.698,26196.427,26210.349,26187.727,26307.952,26098.248,26308.794,26097.428,26388.579,26000.025,26407.283,25973.284,26450.921,25901.8,26494.155,25803.536,26505.876,25771.775,26530.612,25705.252,26558.156,25606.968,26574.748,25508.666,26583.022,25410.345,26590.302,25312.044,26588.867,25213.704,26580.827,25115.365,26573.119,25017.046,26574.47,24918.726,26586.106,24820.404,26594.735,24722.103,26598.153,24623.783,26600.164,24525.442,26590.169,24427.124,26547.424,24328.73,26507.886,24269.715,26482.59,24230.317,26416.259,24131.923,26409.753,24122.923,26346.254,24033.487,26311.634,23978.608,26282.196,23935.088,26261.208,23836.728,26257.281,23738.408,26268.388,23640.088,26272.204,23541.768,26278.831,23443.448,26255.478,23345.108,26214.202,23302.427,26115.934,23262.542,26017.624,23253.153,25985.717,23246.409,25919.33,23234.459,25821.071,23187.821,25757.833,23147.787,25722.821,23122.918,25639.719,23049.315,25624.628,23027.291,25586.536,22950.899,25565.19,22852.552,25547.151,22754.206,25535.45,22655.861,25536.393,22557.542,25527.654,22459.199,25527.077,22456.258,25513.862,22360.874,25472.324,22262.479,25429.095,22202.842,25408.759,22164.074,25330.932,22071.481,25325.991,22065.639,25232.735,21976.375,25222.455,21967.17,25134.525,21898.385,25087.951,21868.68,25036.283,21838.911,24938.013,21789.512,24880.313,21770.075,24839.737,21756.508,24741.443,21733.08,24643.147,21715.827,24544.831,21707.63,24446.513,21702.348,24348.192,21701.542,24249.871,21700.211,24151.551,21698.215,24053.213,21700.395,23954.886,21705.211,23856.543,21723.422,23758.173,21751.928))'


## regC source PN

evselect table=~/Desktop/research/reduced_regions/XMM/0110010501/PN/S0501_PN_filt_time.fits withspectrumset=yes spectrumset=~/Desktop/research/reduced_regions/XMM/spectra/S0501_PN_regC.fits energycolumn=PI spectralbinsize=5 withspecranges=yes specchannelmin=0 specchannelmax=20479 expression='(FLAG==0) && (PATTERN<=4) && ((X,Y) IN polygon(27176.912,22178.265,27106.555,22239.777,27066.627,22276.434,27008.096,22348.918,26988.484,22374.645,26920.867,22472.89,26909.58,22486.974,26830.991,22571.08,26811.1,22598.946,26741.45,22669.286,26712.648,22698.273,26646.241,22767.489,26614.174,22807.796,26561.422,22865.706,26515.692,22925.694,26490.575,22963.938,26456.912,23062.202,26429.926,23160.506,26455.739,23258.863,26515.199,23294.234,26613.517,23296.256,26711.882,23269.534,26748.316,23259.244,26810.245,23242.687,26908.607,23219.375,27006.965,23192.759,27105.3,23183.518,27203.625,23181.793,27289.735,23161.65,27301.979,23158.143,27400.343,23129.829,27498.704,23103.33,27597.064,23077.927,27621.325,23063.771,27695.486,23006.039,27723.224,22965.579,27767.887,22867.326,27794.101,22782.066,27797.617,22769.024,27819.907,22670.746,27828.383,22572.42,27825.966,22474.102,27812.795,22375.752,27794.743,22302.985,27786.71,22277.391,27718.481,22178.982,27696.617,22159.197,27598.367,22098.365,27500.067,22081.169,27401.729,22090.627,27303.381,22110.002,27204.991,22159.812))'


## bgd 0501 PN 

evselect table=~/Desktop/research/reduced_regions/XMM/0110010501/PN/S0501_PN_filt_time.fits withspectrumset=yes spectrumset=~/Desktop/research/reduced_regions/XMM/spectra/S0501_PN_Bgd.fits energycolumn=PI spectralbinsize=5 withspecranges=yes specchannelmin=0 specchannelmax=20479 expression='(FLAG==0) && (PATTERN<=4) && ((X,Y) IN circle(33730.8,18433.901,2891.9412))'


#PN 
backscale spectrumset=~/Desktop/research/reduced_regions/XMM/spectra/S0501_PN_regA.fits badpixlocation=~/Desktop/research/reduced_regions/XMM/0110010501/PN/S0501_PN_filt_time.fits #regA
backscale spectrumset=~/Desktop/research/reduced_regions/XMM/spectra/S0501_PN_regB.fits badpixlocation=~/Desktop/research/reduced_regions/XMM/0110010501/PN/S0501_PN_filt_time.fits #regB
backscale spectrumset=~/Desktop/research/reduced_regions/XMM/spectra/S0501_PN_regC.fits badpixlocation=~/Desktop/research/reduced_regions/XMM/0110010501/PN/S0501_PN_filt_time.fits #regC

backscale spectrumset=~/Desktop/research/reduced_regions/XMM/spectra/S0501_PN_Bgd.fits badpixlocation=~/Desktop/research/reduced_regions/XMM/0110010501/PN/S0501_PN_filt_time.fits  #bgd 0501 PN


# rmf 0501 PN
rmfgen spectrumset=~/Desktop/research/reduced_regions/XMM/spectra/S0501_PN_regA.fits rmfset=~/Desktop/research/reduced_regions/XMM/spectra/S0501_PN_regA.rmf 
rmfgen spectrumset=~/Desktop/research/reduced_regions/XMM/spectra/S0501_PN_regB.fits rmfset=~/Desktop/research/reduced_regions/XMM/spectra/S0501_PN_regB.rmf 
rmfgen spectrumset=~/Desktop/research/reduced_regions/XMM/spectra/S0501_PN_regC.fits rmfset=~/Desktop/research/reduced_regions/XMM/spectra/S0501_PN_regC.rmf 

rmfgen spectrumset=~/Desktop/research/reduced_regions/XMM/spectra/S0501_PN_Bgd.fits rmfset=~/Desktop/research/reduced_regions/XMM/spectra/S0501_PN_Bgd.rmf 

#arf 0501
arfgen spectrumset=~/Desktop/research/reduced_regions/XMM/spectra/S0501_PN_regA.fits arfset=~/Desktop/research/reduced_regions/XMM/spectra/S0501_PN_regA.arf withrmfset=yes rmfset=~/Desktop/research/reduced_regions/XMM/spectra/S0501_PN_regA.rmf badpixlocation=~/Desktop/research/reduced_regions/XMM/0110010501/PN/S0501_PN_filt_time.fits detmaptype=flat extendedsource=yes 
arfgen spectrumset=~/Desktop/research/reduced_regions/XMM/spectra/S0501_PN_regB.fits arfset=~/Desktop/research/reduced_regions/XMM/spectra/S0501_PN_regB.arf withrmfset=yes rmfset=~/Desktop/research/reduced_regions/XMM/spectra/S0501_PN_regB.rmf badpixlocation=~/Desktop/research/reduced_regions/XMM/0110010501/PN/S0501_PN_filt_time.fits detmaptype=flat extendedsource=yes 
arfgen spectrumset=~/Desktop/research/reduced_regions/XMM/spectra/S0501_PN_regC.fits arfset=~/Desktop/research/reduced_regions/XMM/spectra/S0501_PN_regC.arf withrmfset=yes rmfset=~/Desktop/research/reduced_regions/XMM/spectra/S0501_PN_regC.rmf badpixlocation=~/Desktop/research/reduced_regions/XMM/0110010501/PN/S0501_PN_filt_time.fits detmaptype=flat extendedsource=yes 

## 0501 PN 
specgroup spectrumset=~/Desktop/research/reduced_regions/XMM/spectra/S0501_PN_regA.fits arfset=~/Desktop/research/reduced_regions/XMM/spectra/S0501_PN_regA.arf rmfset=~/Desktop/research/reduced_regions/XMM/spectra/S0501_PN_regA.rmf backgndset=~/Desktop/research/reduced_regions/XMM/spectra/S0501_PN_Bgd.fits groupedset=~/Desktop/research/reduced_regions/XMM/spectra/S0501_PN_regA_sr.fits 
specgroup spectrumset=~/Desktop/research/reduced_regions/XMM/spectra/S0501_PN_regB.fits arfset=~/Desktop/research/reduced_regions/XMM/spectra/S0501_PN_regB.arf rmfset=~/Desktop/research/reduced_regions/XMM/spectra/S0501_PN_regB.rmf backgndset=~/Desktop/research/reduced_regions/XMM/spectra/S0501_PN_Bgd.fits groupedset=~/Desktop/research/reduced_regions/XMM/spectra/S0501_PN_regB_sr.fits 
specgroup spectrumset=~/Desktop/research/reduced_regions/XMM/spectra/S0501_PN_regC.fits arfset=~/Desktop/research/reduced_regions/XMM/spectra/S0501_PN_regC.arf rmfset=~/Desktop/research/reduced_regions/XMM/spectra/S0501_PN_regC.rmf backgndset=~/Desktop/research/reduced_regions/XMM/spectra/S0501_PN_Bgd.fits groupedset=~/Desktop/research/reduced_regions/XMM/spectra/S0501_PN_regC_sr.fits 



