
export SAS_CCF=~/Desktop/research/reduced_regions/XMM/0110010501/MOS1/ccf.cif
export SAS_ODF=~/Desktop/research/reduced_regions/XMM/0110010501/MOS1/0309_0110010501_SCX00000SUM.SAS


## regA source S_MOS1

evselect table=~/Desktop/research/reduced_regions/XMM/0110010501/MOS1/S0501_MOS1_filt_time.fits withspectrumset=yes spectrumset=~/Desktop/research/reduced_regions/XMM/spectra/S0501_MOS1_regA.fits energycolumn=PI spectralbinsize=5 withspecranges=yes specchannelmin=0 specchannelmax=11999 expression='#XMMEA_EM && (PATTERN<=12) && ((X,Y) IN polygon(16807.713,19648.657,16721.225,19719.928,16698.049,19746.845,16645.558,19845.102,16622.604,19939.577,16621.843,19943.397,16615.326,20041.706,16614.392,20140.027,16569.47,20238.281,16523.767,20322.988,16515.3,20336.549,16425.31,20424.734,16384.16,20434.7,16326.956,20446.951,16228.591,20473.52,16130.253,20488.787,16031.911,20501.054,15933.617,20475.653,15905.585,20434.05,15835.454,20361.284,15816.163,20335.606,15738.955,20237.184,15737.287,20235.152,15639.054,20168.294,15540.728,20163.46,15442.405,20172.417,15356.147,20236.671,15343.978,20248.207,15267.064,20334.863,15245.5,20361.852,15205.936,20433.105,15159.951,20531.368,15146.91,20559.221,15113.952,20629.644,15077.016,20727.91,15053.355,20826.21,15048.208,20836.903,15003.972,20924.465,14995.531,21022.781,14997.426,21121.117,15012.249,21219.456,15042.684,21317.821,15047.556,21325.508,15141.159,21416.288,15145.75,21419.768,15244.008,21477.469,15306.824,21514.813,15342.259,21531.104,15440.531,21566.468,15530.277,21613.448,15538.792,21617.977,15637.058,21666.234,15735.33,21698.387,15799.96,21712.131,15833.629,21719.542,15931.941,21730.424,16030.265,21732.907,16128.568,21745.983,16226.876,21757.551,16325.179,21776.702,16423.455,21804.864,16439.013,21811.316,16521.723,21850.963,16620.011,21886.237,16718.299,21907.984,16739.509,21910.046,16816.614,21918.069,16853.894,21910.18,16914.961,21895.908,17013.332,21867.789,17111.719,21819.655,17128.344,21812.233,17210.087,21781.806,17308.459,21748.107,17389.729,21714.274,17406.849,21706.52,17505.235,21660.817,17603.587,21636.781,17656.733,21616.3,17701.959,21600.069,17800.334,21565.008,17898.675,21555.099,17997.032,21523.334,18017.702,21518.455,18095.398,21495.179,18193.813,21429.558,18201.173,21420.37,18292.272,21331.776,18299.907,21322.186,18390.73,21232.586,18406.221,21224.005,18489.1,21191.352,18587.457,21171.174,18685.729,21207.979,18715.241,21224.401,18783.962,21273.213,18830.312,21322.893,18870.493,21421.259,18882.015,21475.401,18889.362,21519.628,18881.929,21547.458,18839.216,21617.868,18783.421,21682.21,18742.199,21716.061,18684.987,21763.015,18593.895,21814.207,18586.591,21820.019,18488.213,21856.254,18453.361,21912.328,18435.078,22010.641,18483.625,22109.024,18487.876,22110.739,18586.193,22116.805,18684.494,22131.16,18782.779,22158.651,18881.087,22171.766,18979.421,22166.466,19077.767,22153.666,19176.099,22143.684,19274.434,22141.316,19372.75,22140.785,19471.072,22142.346,19569.394,22143.801,19667.698,22164.815,19765.993,22187.983,19830.392,22209.142,19864.261,22220.968,19962.536,22262.264,20060.485,22307.782,20060.802,22308.02,20159.012,22393.552,20169.469,22406.262,20209.66,22504.645,20236.799,22603.004,20256.97,22664.061,20269.177,22701.378,20323.25,22799.749,20355.065,22841.78,20415.241,22898.211,20453.281,22921.458,20551.54,22969.891,20629.773,22996.824,20649.815,23003.315,20748.098,23034.819,20846.38,23067.622,20933.476,23095.546,20944.668,23099.578,21042.938,23139.485,21141.22,23165.527,21239.527,23180.888,21337.852,23185.026,21436.19,23176.798,21534.54,23150.982,21632.921,23110.589,21656.898,23096.516,21731.322,23053.142,21781.356,22998.351,21829.792,22940.834,21885.011,22900.178,21928.219,22864.967,22003.648,22802.002,22026.657,22780.111,22125.053,22725.288,22223.405,22705.964,22231.313,22703.999,22321.77,22683.835,22420.113,22666.899,22510.445,22606.046,22515.187,22507.717,22471.925,22409.335,22420.55,22337.305,22402.46,22310.926,22322.371,22226.498,22310.747,22212.471,22224.177,22135.443,22195.495,22113.988,22125.946,22068.388,22027.681,22019.207,22018.765,22015.43,21929.408,21977.286,21831.107,21963.116,21732.798,21945.32,21662.304,21916.624,21634.565,21884.025,21613.589,21818.234,21587.566,21719.881,21597.635,21621.58,21625.678,21523.284,21635.113,21472.422,21645.957,21424.991,21663.947,21326.686,21635.436,21236.305,21632.52,21228.321,21537.239,21137.205,21529.863,21129.865,21439.015,21066.497,21374.238,21031.324,21340.747,21015.426,21242.481,20977.966,21144.188,20952.288,21045.879,20934.301,21038.947,20932.542,20947.587,20910.529,20849.307,20882.497,20751.035,20842.818,20735.426,20833.813,20652.781,20786.597,20554.513,20743.525,20536.618,20735.238,20456.26,20695.451,20357.991,20650.736,20320.337,20636.61,20259.725,20610.112,20161.484,20548.468,20147.739,20538.067,20063.284,20457.118,20045.226,20439.605,19965.109,20345.245,19962.219,20341.153,19887.036,20242.745,19866.947,20220.579,19775.92,20144.257,19768.73,20138.54,19670.495,20072.847,19606.277,20045.701,19572.231,20031.573,19473.934,20010.534,19375.63,19995.213,19277.315,19984.785,19179.012,19966.136,19080.714,19951.098,19060.903,19946.652,18982.42,19922.339,18884.156,19879.196,18814.754,19848.004,18785.889,19834.142,18687.611,19799.832,18589.329,19768.246,18491.023,19755.405,18447.989,19749.182,18392.718,19741.84,18294.411,19733.446,18196.084,19732.925,18097.78,19716.286,17999.477,19704.243,17901.151,19697.149,17802.862,19677.976,17704.54,19674.416,17606.222,19669.029,17507.905,19657.482,17442.342,19649.51,17409.605,19645.952,17311.283,19635.749,17213.005,19609.629,17114.692,19592.203,17016.375,19587.711,16918.032,19601.934,16819.659,19640.935))'


## regA source U_MOS1

evselect table=~/Desktop/research/reduced_regions/XMM/0110010501/MOS1/U0501_MOS1_filt_time.fits withspectrumset=yes spectrumset=~/Desktop/research/reduced_regions/XMM/spectra/U0501_MOS1_regA.fits energycolumn=PI spectralbinsize=5 withspecranges=yes specchannelmin=0 specchannelmax=11999 expression='#XMMEA_EM && (PATTERN<=12) && ((X,Y) IN polygon(16923.993,19821.458,16837.506,19892.729,16814.329,19919.646,16761.838,20017.903,16738.884,20112.378,16738.124,20116.198,16731.607,20214.507,16730.673,20312.828,16685.75,20411.082,16640.048,20495.788,16631.58,20509.35,16541.591,20597.535,16500.441,20607.501,16443.236,20619.752,16344.872,20646.32,16246.533,20661.588,16148.191,20673.855,16049.898,20648.454,16021.866,20606.851,15951.734,20534.085,15932.444,20508.407,15855.235,20409.984,15853.568,20407.953,15755.334,20341.095,15657.009,20336.261,15558.685,20345.218,15472.427,20409.472,15460.258,20421.008,15383.345,20507.664,15361.781,20534.653,15322.216,20605.906,15276.232,20704.169,15263.191,20732.022,15230.233,20802.445,15193.297,20900.711,15169.635,20999.011,15164.488,21009.704,15120.253,21097.266,15111.812,21195.582,15113.707,21293.917,15128.53,21392.257,15158.965,21490.622,15163.837,21498.309,15257.44,21589.089,15262.03,21592.569,15360.288,21650.27,15423.104,21687.614,15458.54,21703.905,15556.811,21739.268,15646.557,21786.248,15655.072,21790.778,15753.338,21839.035,15851.61,21871.188,15916.24,21884.932,15949.909,21892.343,16048.221,21903.225,16146.546,21905.708,16244.849,21918.784,16343.157,21930.352,16441.46,21949.503,16539.735,21977.665,16555.293,21984.117,16638.003,22023.764,16736.292,22059.037,16834.579,22080.784,16855.79,22082.846,16932.894,22090.87,16970.175,22082.981,17031.241,22068.709,17129.613,22040.589,17227.999,21992.456,17244.624,21985.033,17326.367,21954.607,17424.74,21920.908,17506.009,21887.075,17523.129,21879.321,17621.516,21833.617,17719.868,21809.582,17773.013,21789.1,17818.24,21772.869,17916.615,21737.809,18014.956,21727.9,18113.312,21696.135,18133.982,21691.256,18211.678,21667.98,18310.093,21602.359,18317.454,21593.171,18408.552,21504.577,18416.188,21494.987,18507.011,21405.387,18522.501,21396.805,18605.38,21364.153,18703.738,21343.975,18802.009,21380.78,18831.521,21397.202,18900.242,21446.013,18946.593,21495.694,18986.773,21594.059,18998.295,21648.201,19005.643,21692.428,18998.209,21720.259,18955.497,21790.669,18899.702,21855.011,18858.48,21888.862,18801.268,21935.816,18710.176,21987.008,18702.871,21992.82,18604.493,22029.055,18569.641,22085.129,18551.358,22183.442,18599.906,22281.825,18604.156,22283.54,18702.473,22289.605,18800.774,22303.961,18899.059,22331.452,18997.367,22344.567,19095.701,22339.267,19194.047,22326.467,19292.379,22316.485,19390.714,22314.116,19489.03,22313.586,19587.352,22315.147,19685.675,22316.602,19783.978,22337.615,19882.274,22360.784,19946.673,22381.943,19980.542,22393.769,20078.817,22435.065,20176.766,22480.583,20177.082,22480.821,20275.292,22566.353,20285.75,22579.063,20325.94,22677.446,20353.079,22775.805,20373.251,22836.862,20385.458,22874.179,20439.531,22972.55,20471.345,23014.581,20531.521,23071.012,20569.561,23094.259,20667.821,23142.692,20746.053,23169.625,20766.096,23176.116,20864.379,23207.62,20962.661,23240.423,21049.756,23268.346,21060.948,23272.378,21159.219,23312.286,21257.501,23338.328,21355.807,23353.689,21454.132,23357.827,21552.47,23349.598,21650.82,23323.783,21749.201,23283.39,21773.179,23269.317,21847.602,23225.943,21897.636,23171.152,21946.073,23113.635,22001.292,23072.979,22044.499,23037.768,22119.928,22974.803,22142.937,22952.911,22241.334,22898.089,22339.685,22878.765,22347.594,22876.8,22438.05,22856.635,22536.393,22839.7,22626.726,22778.847,22631.467,22680.517,22588.206,22582.136,22536.831,22510.105,22518.74,22483.727,22438.652,22399.298,22427.028,22385.272,22340.457,22308.244,22311.775,22286.789,22242.226,22241.189,22143.961,22192.008,22135.046,22188.231,22045.689,22150.087,21947.387,22135.917,21849.078,22118.121,21778.585,22089.425,21750.845,22056.826,21729.869,21991.035,21703.847,21892.682,21713.916,21794.381,21741.958,21696.084,21751.393,21645.223,21762.237,21597.792,21780.228,21499.487,21751.717,21409.106,21748.801,21401.122,21653.52,21310.006,21646.143,21302.666,21555.295,21239.298,21490.519,21204.125,21457.027,21188.227,21358.761,21150.767,21260.469,21125.088,21162.16,21107.102,21155.228,21105.342,21063.867,21083.33,20965.588,21055.298,20867.316,21015.619,20851.706,21006.614,20769.062,20959.397,20670.794,20916.325,20652.898,20908.039,20572.54,20868.252,20474.271,20823.537,20436.617,20809.411,20376.005,20782.913,20277.764,20721.269,20264.02,20710.867,20179.565,20629.919,20161.506,20612.405,20081.39,20518.045,20078.499,20513.954,20003.316,20415.545,19983.228,20393.38,19892.201,20317.058,19885.01,20311.341,19786.775,20245.648,19722.558,20218.502,19688.511,20204.374,19590.214,20183.334,19491.911,20168.014,19393.595,20157.586,19295.292,20138.937,19196.995,20123.899,19177.183,20119.453,19098.7,20095.139,19000.436,20051.997,18931.035,20020.805,18902.169,20006.942,18803.891,19972.633,18705.609,19941.047,18607.304,19928.206,18564.27,19921.983,18508.998,19914.641,18410.691,19906.247,18312.364,19905.726,18214.061,19889.087,18115.757,19877.044,18017.431,19869.95,17919.142,19850.777,17820.82,19847.217,17722.503,19841.83,17624.185,19830.283,17558.622,19822.311,17525.885,19818.752,17427.564,19808.55,17329.286,19782.43,17230.972,19765.004,17132.656,19760.511,17034.313,19774.735,16935.939,19813.736))'

## regB source S_MOS1

evselect table=~/Desktop/research/reduced_regions/XMM/0110010501/MOS1/S0501_MOS1_filt_time.fits withspectrumset=yes spectrumset=~/Desktop/research/reduced_regions/XMM/spectra/S0501_MOS1_regB.fits energycolumn=PI spectralbinsize=5 withspecranges=yes specchannelmin=0 specchannelmax=11999 expression='#XMMEA_EM && (PATTERN<=12) && ((X,Y) IN polygon(23538.317,21768.512,23474.599,21804.111,23380.364,21866.634,23376.187,21869.587,23277.75,21951.965,23263.002,21964.805,23179.298,22049.833,23163.074,22062.987,23080.826,22155.054,23075.486,22161.188,23013.603,22259.438,22982.263,22333.776,22971.13,22357.7,22943.58,22455.997,22941.809,22554.318,22956.774,22652.656,22981.722,22744.593,22983.614,22751.018,23042.81,22849.42,23079.818,22908.016,23109.959,22947.838,23177.978,23028.19,23202.475,23046.281,23276.204,23107.083,23332.857,23144.798,23374.435,23174.487,23472.695,23225.211,23506.812,23243.353,23570.937,23282.252,23654.771,23341.865,23669.171,23353.12,23767.421,23412.334,23854.523,23440.464,23865.692,23444.694,23963.965,23490.154,24062.242,23525.451,24079.961,23539.09,24160.411,23633.225,24163.013,23637.525,24171.785,23735.856,24173.873,23834.174,24179.186,23932.517,24186.871,24030.847,24188.398,24129.172,24230.818,24227.568,24257.857,24297.129,24265.702,24325.936,24323.817,24424.322,24355.921,24488.81,24373.249,24522.722,24424.383,24621.107,24453.97,24691.589,24466.727,24719.498,24513.556,24817.893,24552.018,24899.979,24559.409,24916.264,24602.662,25014.653,24650.073,25106.91,24653.805,25113.054,24718.413,25211.456,24748.2,25250.852,24795.268,25309.885,24846.369,25366.435,24879.333,25408.329,24940.25,25506.721,24944.491,25516.523,24983.31,25605.103,25027.809,25703.492,25042.526,25731.399,25074.728,25801.874,25122.488,25900.277,25140.588,25927.285,25191.571,25998.68,25238.756,26045.946,25292.536,26097.144,25336.958,26134.622,25435.204,26194.428,25437.908,26195.653,25533.457,26245.561,25631.731,26281.383,25702.007,26294.335,25730.028,26301.223,25758.74,26294.423,25828.385,26280.717,25926.753,26249.507,26010.512,26196.426,26025.163,26187.729,26122.765,26098.248,26123.606,26097.427,26203.392,26000.029,26222.099,25973.288,26265.737,25901.803,26308.968,25803.54,26320.69,25771.78,26345.426,25705.256,26372.971,25606.972,26389.563,25508.668,26397.837,25410.344,26405.117,25312.049,26403.682,25213.704,26395.642,25115.368,26387.934,25017.045,26389.283,24918.729,26400.92,24820.404,26409.551,24722.101,26412.966,24623.785,26414.979,24525.447,26404.983,24427.125,26362.238,24328.729,26322.7,24269.715,26297.403,24230.32,26231.072,24131.923,26224.568,24122.923,26161.069,24033.488,26126.447,23978.611,26097.01,23935.087,26076.021,23836.728,26072.095,23738.412,26083.201,23640.089,26087.017,23541.773,26093.647,23443.449,26070.292,23345.112,26029.017,23302.429,25930.748,23262.544,25832.439,23253.153,25800.533,23246.41,25734.146,23234.462,25635.886,23187.824,25572.646,23147.785,25537.636,23122.922,25454.533,23049.315,25439.444,23027.293,25401.349,22950.903,25380.005,22852.552,25361.966,22754.208,25350.264,22655.866,25351.207,22557.543,25342.469,22459.203,25341.892,22456.258,25328.678,22360.874,25287.138,22262.478,25243.91,22202.846,25223.571,22164.073,25145.746,22071.484,25140.805,22065.643,25047.55,21976.377,25037.268,21967.17,24949.338,21898.387,24902.766,21868.683,24851.098,21838.911,24752.828,21789.51,24695.127,21770.076,24654.552,21756.506,24556.259,21733.081,24457.959,21715.829,24359.645,21707.63,24261.328,21702.35,24163.004,21701.544,24064.685,21700.215,23966.366,21698.218,23868.026,21700.394,23769.7,21705.214,23671.359,21723.422,23572.987,21751.928))'


## regB source U_MOS1

evselect table=~/Desktop/research/reduced_regions/XMM/0110010501/MOS1/U0501_MOS1_filt_time.fits withspectrumset=yes spectrumset=~/Desktop/research/reduced_regions/XMM/spectra/U0501_MOS1_regB.fits energycolumn=PI spectralbinsize=5 withspecranges=yes specchannelmin=0 specchannelmax=11999 expression='#XMMEA_EM && (PATTERN<=12) && ((X,Y) IN polygon(23607.761,21861.105,23544.043,21896.704,23449.808,21959.227,23445.631,21962.181,23347.194,22044.558,23332.446,22057.398,23248.741,22142.426,23232.518,22155.58,23150.269,22247.647,23144.93,22253.781,23083.046,22352.031,23051.707,22426.369,23040.574,22450.293,23013.024,22548.59,23011.253,22646.911,23026.218,22745.249,23051.166,22837.187,23053.057,22843.612,23112.254,22942.013,23149.262,23000.609,23179.403,23040.431,23247.422,23120.784,23271.919,23138.874,23345.648,23199.676,23402.3,23237.392,23443.878,23267.08,23542.139,23317.804,23576.256,23335.947,23640.381,23374.845,23724.214,23434.458,23738.615,23445.713,23836.865,23504.927,23923.966,23533.057,23935.135,23537.288,24033.409,23582.748,24131.686,23618.044,24149.405,23631.683,24229.855,23725.818,24232.457,23730.119,24241.229,23828.45,24243.317,23926.768,24248.63,24025.11,24256.315,24123.44,24257.842,24221.765,24300.261,24320.161,24327.301,24389.722,24335.146,24418.529,24393.261,24516.915,24425.364,24581.403,24442.693,24615.315,24493.827,24713.7,24523.414,24784.182,24536.171,24812.092,24582.999,24910.486,24621.462,24992.572,24628.853,25008.857,24672.106,25107.246,24719.517,25199.504,24723.249,25205.648,24787.857,25304.049,24817.643,25343.445,24864.712,25402.478,24915.813,25459.028,24948.777,25500.922,25009.693,25599.315,25013.935,25609.116,25052.754,25697.697,25097.252,25796.085,25111.969,25823.993,25144.171,25894.467,25191.932,25992.87,25210.032,26019.878,25261.015,26091.274,25308.2,26138.539,25361.98,26189.738,25406.402,26227.215,25504.647,26287.022,25507.352,26288.246,25602.901,26338.155,25701.175,26373.976,25771.451,26386.928,25799.472,26393.816,25828.184,26387.017,25897.829,26373.31,25996.197,26342.1,26079.956,26289.019,26094.607,26280.322,26192.209,26190.841,26193.05,26190.02,26272.835,26092.623,26291.542,26065.881,26335.18,25994.396,26378.412,25896.133,26390.134,25864.373,26414.87,25797.849,26442.414,25699.566,26459.007,25601.262,26467.28,25502.937,26474.56,25404.642,26473.126,25306.297,26465.086,25207.961,26457.378,25109.639,26458.727,25011.323,26470.363,24912.998,26478.994,24814.695,26482.41,24716.378,26484.423,24618.04,26474.427,24519.719,26431.681,24421.322,26392.143,24362.309,26366.846,24322.913,26300.516,24224.516,26294.012,24215.517,26230.513,24126.081,26195.891,24071.204,26166.453,24027.68,26145.464,23929.321,26141.539,23831.005,26152.645,23732.682,26156.461,23634.366,26163.091,23536.043,26139.736,23437.705,26098.461,23395.023,26000.192,23355.137,25901.883,23345.746,25869.977,23339.003,25803.589,23327.056,25705.33,23280.417,25642.09,23240.378,25607.08,23215.515,25523.976,23141.908,25508.887,23119.886,25470.793,23043.497,25449.449,22945.145,25431.409,22846.801,25419.708,22748.46,25420.651,22650.137,25411.913,22551.796,25411.335,22548.851,25398.122,22453.468,25356.581,22355.072,25313.354,22295.439,25293.015,22256.666,25215.19,22164.077,25210.249,22158.236,25116.994,22068.97,25106.712,22059.764,25018.781,21990.98,24972.21,21961.276,24920.542,21931.504,24822.272,21882.103,24764.571,21862.67,24723.996,21849.099,24625.702,21825.674,24527.403,21808.423,24429.088,21800.224,24330.772,21794.943,24232.448,21794.137,24134.129,21792.808,24035.81,21790.812,23937.47,21792.987,23839.144,21797.807,23740.802,21816.015,23642.43,21844.521))'

## regC source S_MOS1

evselect table=~/Desktop/research/reduced_regions/XMM/0110010501/MOS1/S0501_MOS1_filt_time.fits withspectrumset=yes spectrumset=~/Desktop/research/reduced_regions/XMM/spectra/S0501_MOS1_regC.fits energycolumn=PI spectralbinsize=5 withspecranges=yes specchannelmin=0 specchannelmax=11999 expression='#XMMEA_EM && (PATTERN<=12) && ((X,Y) IN polygon(26621.355,22131.966,26550.998,22193.478,26511.07,22230.135,26452.539,22302.618,26432.927,22328.346,26365.31,22426.591,26354.024,22440.675,26275.434,22524.78,26255.543,22552.646,26185.893,22622.986,26157.091,22651.974,26090.684,22721.189,26058.617,22761.496,26005.865,22819.406,25960.135,22879.394,25935.018,22917.638,25901.355,23015.903,25874.369,23114.206,25900.182,23212.563,25959.642,23247.935,26057.96,23249.957,26156.325,23223.234,26192.759,23212.945,26254.688,23196.387,26353.05,23173.076,26451.408,23146.459,26549.743,23137.219,26648.068,23135.494,26734.178,23115.35,26746.423,23111.844,26844.786,23083.53,26943.148,23057.031,27041.507,23031.628,27065.768,23017.471,27139.929,22959.74,27167.667,22919.28,27212.33,22821.027,27238.544,22735.767,27242.06,22722.724,27264.35,22624.447,27272.826,22526.12,27270.409,22427.802,27257.238,22329.452,27239.186,22256.686,27231.153,22231.092,27162.924,22132.682,27141.06,22112.898,27042.81,22052.066,26944.51,22034.869,26846.172,22044.328,26747.824,22063.702,26649.434,22113.512))'


## regC source U_MOS1

evselect table=~/Desktop/research/reduced_regions/XMM/0110010501/MOS1/U0501_MOS1_filt_time.fits withspectrumset=yes spectrumset=~/Desktop/research/reduced_regions/XMM/spectra/U0501_MOS1_regC.fits energycolumn=PI spectralbinsize=5 withspecranges=yes specchannelmin=0 specchannelmax=11999 expression='#XMMEA_EM && (PATTERN<=12) && ((X,Y) IN polygon(26713.95,21946.783,26643.593,22008.296,26603.663,22044.954,26545.134,22117.431,26525.521,22143.164,26457.904,22241.404,26446.619,22255.491,26368.028,22339.599,26348.137,22367.462,26278.487,22437.804,26249.683,22466.791,26183.28,22536.006,26151.21,22576.311,26098.46,22634.224,26052.728,22694.208,26027.611,22732.451,25993.949,22830.721,25966.963,22929.019,25992.775,23027.382,26052.238,23062.747,26150.553,23064.774,26248.918,23038.047,26285.352,23027.763,26347.284,23011.2,26445.645,22987.891,26544.002,22961.272,26642.338,22952.037,26740.661,22950.307,26826.771,22930.169,26839.018,22926.663,26937.38,22898.349,27035.741,22871.845,27134.1,22846.444,27158.362,22832.287,27232.522,22774.556,27260.261,22734.094,27304.923,22635.846,27331.137,22550.585,27334.654,22537.543,27356.945,22439.261,27365.42,22340.938,27363.004,22242.616,27349.831,22144.267,27331.778,22071.503,27323.748,22045.906,27255.517,21947.497,27233.654,21927.712,27135.403,21866.883,27037.103,21849.687,26938.766,21859.142,26840.417,21878.521,26742.029,21928.331))'


## bgd 0501 SMOS1
evselect table=~/Desktop/research/reduced_regions/XMM/0110010501/MOS1/S0501_MOS1_filt_time.fits withspectrumset=yes spectrumset=~/Desktop/research/reduced_regions/XMM/spectra/S0501_MOS1_Bgd.fits energycolumn=PI spectralbinsize=5 withspecranges=yes specchannelmin=0 specchannelmax=11999 expression='#XMMEA_EM && (PATTERN<=12) && ((X,Y) IN circle(31521.106,15446.328,2891.9405))'

## bgd 0501 UMOS1
evselect table=~/Desktop/research/reduced_regions/XMM/0110010501/MOS1/U0501_MOS1_filt_time.fits withspectrumset=yes spectrumset=~/Desktop/research/reduced_regions/XMM/spectra/U0501_MOS1_Bgd.fits energycolumn=PI spectralbinsize=5 withspecranges=yes specchannelmin=0 specchannelmax=11999 expression='#XMMEA_EM && (PATTERN<=12) && ((X,Y) IN circle(38481.109,19670.33,2891.9405))'


# calc area of src and bgd##

#S0501 MOS1 
backscale spectrumset=~/Desktop/research/reduced_regions/XMM/spectra/S0501_MOS1_regA.fits badpixlocation=~/Desktop/research/reduced_regions/XMM/0110010501/MOS1/S0501_MOS1_filt_time.fits #regA
backscale spectrumset=~/Desktop/research/reduced_regions/XMM/spectra/S0501_MOS1_regB.fits badpixlocation=~/Desktop/research/reduced_regions/XMM/0110010501/MOS1/S0501_MOS1_filt_time.fits #regB
backscale spectrumset=~/Desktop/research/reduced_regions/XMM/spectra/S0501_MOS1_regC.fits badpixlocation=~/Desktop/research/reduced_regions/XMM/0110010501/MOS1/S0501_MOS1_filt_time.fits #regC
backscale spectrumset=~/Desktop/research/reduced_regions/XMM/spectra/S0501_MOS1_Bgd.fits badpixlocation=~/Desktop/research/reduced_regions/XMM/0110010501/MOS1/S0501_MOS1_filt_time.fits  #bgd s0501 mos1

#U0501 MOS1 

backscale spectrumset=~/Desktop/research/reduced_regions/XMM/spectra/U0501_MOS1_regA.fits badpixlocation=~/Desktop/research/reduced_regions/XMM/0110010501/MOS1/U0501_MOS1_filt_time.fits #regA
backscale spectrumset=~/Desktop/research/reduced_regions/XMM/spectra/U0501_MOS1_regB.fits badpixlocation=~/Desktop/research/reduced_regions/XMM/0110010501/MOS1/U0501_MOS1_filt_time.fits #regB
backscale spectrumset=~/Desktop/research/reduced_regions/XMM/spectra/U0501_MOS1_regC.fits badpixlocation=~/Desktop/research/reduced_regions/XMM/0110010501/MOS1/U0501_MOS1_filt_time.fits #regC
backscale spectrumset=~/Desktop/research/reduced_regions/XMM/spectra/U0501_MOS1_Bgd.fits badpixlocation=~/Desktop/research/reduced_regions/XMM/0110010501/MOS1/U0501_MOS1_filt_time.fits  #bgd s0501 mos1



#### GENERATE REDISTRIBUTION MATRIX ####

# rmf S0501 MOS1
rmfgen spectrumset=~/Desktop/research/reduced_regions/XMM/spectra/S0501_MOS1_regA.fits rmfset=~/Desktop/research/reduced_regions/XMM/spectra/S0501_MOS1_regA.rmf
rmfgen spectrumset=~/Desktop/research/reduced_regions/XMM/spectra/S0501_MOS1_regB.fits rmfset=~/Desktop/research/reduced_regions/XMM/spectra/S0501_MOS1_regB.rmf
rmfgen spectrumset=~/Desktop/research/reduced_regions/XMM/spectra/S0501_MOS1_regC.fits rmfset=~/Desktop/research/reduced_regions/XMM/spectra/S0501_MOS1_regC.rmf
rmfgen spectrumset=~/Desktop/research/reduced_regions/XMM/spectra/S0501_MOS1_Bgd.fits rmfset=~/Desktop/research/reduced_regions/XMM/spectra/S0501_MOS1_Bgd.rmf

# rmf U0501 MOS1
rmfgen spectrumset=~/Desktop/research/reduced_regions/XMM/spectra/U0501_MOS1_regA.fits rmfset=~/Desktop/research/reduced_regions/XMM/spectra/U0501_MOS1_regA.rmf
rmfgen spectrumset=~/Desktop/research/reduced_regions/XMM/spectra/U0501_MOS1_regB.fits rmfset=~/Desktop/research/reduced_regions/XMM/spectra/U0501_MOS1_regB.rmf
rmfgen spectrumset=~/Desktop/research/reduced_regions/XMM/spectra/U0501_MOS1_regC.fits rmfset=~/Desktop/research/reduced_regions/XMM/spectra/U0501_MOS1_regC.rmf
rmfgen spectrumset=~/Desktop/research/reduced_regions/XMM/spectra/U0501_MOS1_Bgd.fits rmfset=~/Desktop/research/reduced_regions/XMM/spectra/U0501_MOS1_Bgd.rmf



# GENERATE ARF 

#S0501 MOS1 ARF

arfgen spectrumset=~/Desktop/research/reduced_regions/XMM/spectra/S0501_MOS1_regA.fits arfset=~/Desktop/research/reduced_regions/XMM/spectra/S0501_MOS1_regA.arf withrmfset=yes rmfset=~/Desktop/research/reduced_regions/XMM/spectra/S0501_MOS1_regA.rmf badpixlocation=~/Desktop/research/reduced_regions/XMM/0110010501/MOS1/S0501_MOS1_filt_time.fits extendedsource=yes detmaptype=flat
arfgen spectrumset=~/Desktop/research/reduced_regions/XMM/spectra/S0501_MOS1_regB.fits arfset=~/Desktop/research/reduced_regions/XMM/spectra/S0501_MOS1_regB.arf withrmfset=yes rmfset=~/Desktop/research/reduced_regions/XMM/spectra/S0501_MOS1_regB.rmf badpixlocation=~/Desktop/research/reduced_regions/XMM/0110010501/MOS1/S0501_MOS1_filt_time.fits extendedsource=yes detmaptype=flat
arfgen spectrumset=~/Desktop/research/reduced_regions/XMM/spectra/S0501_MOS1_regC.fits arfset=~/Desktop/research/reduced_regions/XMM/spectra/S0501_MOS1_regC.arf withrmfset=yes rmfset=~/Desktop/research/reduced_regions/XMM/spectra/S0501_MOS1_regC.rmf badpixlocation=~/Desktop/research/reduced_regions/XMM/0110010501/MOS1/S0501_MOS1_filt_time.fits  extendedsource=yes detmaptype=flat


#U0501 MOS1 ARF

arfgen spectrumset=~/Desktop/research/reduced_regions/XMM/spectra/U0501_MOS1_regA.fits arfset=~/Desktop/research/reduced_regions/XMM/spectra/U0501_MOS1_regA.arf withrmfset=yes rmfset=~/Desktop/research/reduced_regions/XMM/spectra/U0501_MOS1_regA.rmf badpixlocation=~/Desktop/research/reduced_regions/XMM/0110010501/MOS1/U0501_MOS1_filt_time.fits extendedsource=yes detmaptype=flat
arfgen spectrumset=~/Desktop/research/reduced_regions/XMM/spectra/U0501_MOS1_regB.fits arfset=~/Desktop/research/reduced_regions/XMM/spectra/U0501_MOS1_regB.arf withrmfset=yes rmfset=~/Desktop/research/reduced_regions/XMM/spectra/U0501_MOS1_regB.rmf badpixlocation=~/Desktop/research/reduced_regions/XMM/0110010501/MOS1/U0501_MOS1_filt_time.fits  extendedsource=yes detmaptype=flat
arfgen spectrumset=~/Desktop/research/reduced_regions/XMM/spectra/U0501_MOS1_regC.fits arfset=~/Desktop/research/reduced_regions/XMM/spectra/U0501_MOS1_regC.arf withrmfset=yes rmfset=~/Desktop/research/reduced_regions/XMM/spectra/U0501_MOS1_regC.rmf badpixlocation=~/Desktop/research/reduced_regions/XMM/0110010501/MOS1/U0501_MOS1_filt_time.fits extendedsource=yes detmaptype=flat


## S0501 MOS1 
specgroup spectrumset=~/Desktop/research/reduced_regions/XMM/spectra/S0501_MOS1_regA.fits arfset=~/Desktop/research/reduced_regions/XMM/spectra/S0501_MOS1_regA.arf rmfset=~/Desktop/research/reduced_regions/XMM/spectra/S0501_MOS1_regA.rmf backgndset=~/Desktop/research/reduced_regions/XMM/spectra/S0501_MOS1_Bgd.fits groupedset=~/Desktop/research/reduced_regions/XMM/spectra/S0501_MOS1_regA_sr.fits
specgroup spectrumset=~/Desktop/research/reduced_regions/XMM/spectra/S0501_MOS1_regB.fits arfset=~/Desktop/research/reduced_regions/XMM/spectra/S0501_MOS1_regB.arf rmfset=~/Desktop/research/reduced_regions/XMM/spectra/S0501_MOS1_regB.rmf backgndset=~/Desktop/research/reduced_regions/XMM/spectra/S0501_MOS1_Bgd.fits groupedset=~/Desktop/research/reduced_regions/XMM/spectra/S0501_MOS1_regB_sr.fits
specgroup spectrumset=~/Desktop/research/reduced_regions/XMM/spectra/S0501_MOS1_regC.fits arfset=~/Desktop/research/reduced_regions/XMM/spectra/S0501_MOS1_regC.arf rmfset=~/Desktop/research/reduced_regions/XMM/spectra/S0501_MOS1_regC.rmf backgndset=~/Desktop/research/reduced_regions/XMM/spectra/S0501_MOS1_Bgd.fits groupedset=~/Desktop/research/reduced_regions/XMM/spectra/S0501_MOS1_regC_sr.fits


## U0501 MOS1 
specgroup spectrumset=~/Desktop/research/reduced_regions/XMM/spectra/U0501_MOS1_regA.fits arfset=~/Desktop/research/reduced_regions/XMM/spectra/U0501_MOS1_regA.arf rmfset=~/Desktop/research/reduced_regions/XMM/spectra/U0501_MOS1_regA.rmf backgndset=~/Desktop/research/reduced_regions/XMM/spectra/U0501_MOS1_Bgd.fits groupedset=~/Desktop/research/reduced_regions/XMM/spectra/U0501_MOS1_regA_sr.fits
specgroup spectrumset=~/Desktop/research/reduced_regions/XMM/spectra/U0501_MOS1_regB.fits arfset=~/Desktop/research/reduced_regions/XMM/spectra/U0501_MOS1_regB.arf rmfset=~/Desktop/research/reduced_regions/XMM/spectra/U0501_MOS1_regB.rmf backgndset=~/Desktop/research/reduced_regions/XMM/spectra/U0501_MOS1_Bgd.fits groupedset=~/Desktop/research/reduced_regions/XMM/spectra/U0501_MOS1_regB_sr.fits
specgroup spectrumset=~/Desktop/research/reduced_regions/XMM/spectra/U0501_MOS1_regC.fits arfset=~/Desktop/research/reduced_regions/XMM/spectra/U0501_MOS1_regC.arf rmfset=~/Desktop/research/reduced_regions/XMM/spectra/U0501_MOS1_regC.rmf backgndset=~/Desktop/research/reduced_regions/XMM/spectra/U0501_MOS1_Bgd.fits groupedset=~/Desktop/research/reduced_regions/XMM/spectra/U0501_MOS1_regC_sr.fits

echo 'done'








