
export SAS_CCF=~/Desktop/research/reduced_regions/XMM/0110012501/PN/ccf.cif
export SAS_ODF=~/Desktop/research/reduced_regions/XMM/0110012501/PN/0592_0110012501_SCX00000SUM.SAS



## regA source PN

evselect table=~/Desktop/research/reduced_regions/XMM/0110012501/PN/U2501_PN_filt_time.fits withspectrumset=yes spectrumset=~/Desktop/research/reduced_regions/XMM/spectra/U2501_PN_regA.fits energycolumn=PI spectralbinsize=5 withspecranges=yes specchannelmin=0 specchannelmax=20479 expression='(FLAG==0) &&(PATTERN<=4) && ((X,Y) IN polygon(18960.113,24447.661,18873.715,24519.04,18850.572,24545.986,18798.204,24644.308,18775.368,24738.812,18774.613,24742.633,18768.218,24840.95,18767.407,24939.271,18722.608,25037.581,18677.011,25122.345,18668.561,25135.917,18578.682,25224.214,18537.544,25234.231,18480.355,25246.554,18382.025,25273.246,18283.706,25288.636,18185.379,25301.026,18087.055,25275.749,18058.971,25234.18,17988.749,25161.503,17969.426,25135.849,17892.095,25037.524,17890.425,25035.494,17792.109,24968.759,17693.777,24964.049,17595.465,24973.129,17509.288,25037.491,17497.133,25049.042,17420.329,25135.794,17398.799,25162.809,17359.323,25234.112,17313.462,25332.432,17300.456,25360.302,17267.586,25430.765,17230.772,25529.077,17207.234,25627.406,17202.1,25638.106,17157.975,25725.723,17149.656,25824.049,17151.674,25922.382,17166.62,26020.703,17197.178,26119.03,17202.059,26126.71,17295.775,26217.372,17300.37,26220.847,17398.7,26278.424,17461.562,26315.689,17497.018,26331.936,17595.333,26367.177,17685.137,26414.044,17693.658,26418.563,17791.984,26466.697,17890.295,26498.727,17954.942,26512.39,17988.621,26519.758,18086.946,26530.517,18185.273,26532.877,18283.592,26545.83,18381.914,26557.275,18480.24,26576.303,18578.551,26604.341,18594.117,26610.774,18676.876,26650.318,18775.208,26685.468,18873.522,26707.092,18894.736,26709.127,18971.85,26717.054,19009.12,26709.118,19070.169,26694.77,19168.505,26666.527,19266.831,26618.271,19283.446,26610.827,19365.151,26580.299,19463.481,26546.477,19544.708,26512.542,19561.818,26504.766,19660.147,26458.94,19758.469,26434.781,19811.589,26414.233,19856.795,26397.946,19955.125,26362.762,20053.453,26352.73,20151.77,26320.842,20172.434,26315.937,20250.101,26292.564,20348.433,26226.82,20355.782,26217.623,20446.77,26128.915,20454.393,26119.315,20545.104,26029.602,20560.583,26021.001,20643.421,25988.245,20741.753,25967.943,20840.071,26004.625,20869.603,26021.011,20938.385,26069.736,20984.797,26119.358,21025.101,26217.673,21036.69,26271.8,21044.093,26316.018,21036.694,26343.858,20994.07,26414.321,20938.355,26478.733,20897.176,26512.636,20840.023,26559.661,20748.995,26610.967,20741.698,26616.788,20643.366,26653.146,20608.584,26709.263,20590.424,26807.599,20639.094,26905.921,20643.347,26907.631,20741.671,26913.573,20839.99,26927.805,20938.308,26955.173,21036.633,26968.165,21134.96,26962.742,21233.29,26949.819,21331.609,26939.714,21429.941,26937.222,21528.255,26936.569,21626.579,26938.007,21724.903,26939.339,21823.233,26960.229,21921.557,26983.274,21985.982,27004.353,22019.866,27016.136,22118.192,27057.309,22216.198,27102.704,22216.515,27102.942,22314.831,27188.35,22325.305,27201.047,22365.618,27299.38,22392.88,27397.705,22413.128,27458.737,22425.382,27496.039,22479.578,27594.341,22511.445,27636.332,22571.691,27692.688,22609.76,27715.888,22708.08,27764.198,22786.346,27791.032,22806.396,27797.498,22904.718,27828.879,23003.042,27861.559,23090.171,27889.373,23101.369,27893.391,23199.689,27933.175,23298.003,27959.095,23396.329,27974.332,23494.659,27978.348,23592.986,27969.996,23691.304,27944.057,23789.634,27903.541,23813.594,27889.438,23887.963,27845.971,23937.928,27791.117,23986.293,27733.54,24041.461,27692.815,24084.624,27657.55,24159.974,27594.49,24182.956,27572.57,24281.284,27517.625,24379.611,27498.177,24387.517,27496.203,24477.948,27475.925,24576.27,27458.866,24666.526,27397.9,24671.144,27299.565,24627.76,27201.238,24576.295,27129.272,24558.171,27102.916,24477.977,27018.588,24466.336,27004.576,24379.669,26927.656,24350.96,26906.237,24281.354,26860.725,24183.028,26811.667,24174.108,26807.901,24084.703,26769.869,23986.384,26755.822,23888.053,26738.15,23817.524,26709.541,23789.744,26676.977,23768.686,26611.213,23742.54,26512.892,23752.486,26414.579,23780.405,26316.248,23789.777,26265.375,23800.561,26217.93,23818.429,26119.603,23789.805,26029.258,23786.879,26021.277,23691.484,25930.281,23684.098,25922.951,23593.171,25859.696,23528.351,25824.604,23494.84,25808.748,23396.527,25771.411,23298.203,25745.856,23199.872,25727.993,23192.937,25726.242,23101.55,25704.344,23003.236,25676.435,22904.914,25636.88,22889.293,25627.894,22806.59,25580.781,22708.268,25537.832,22690.362,25529.569,22609.955,25489.882,22511.631,25445.29,22473.959,25431.211,22413.314,25404.79,22314.996,25343.268,22301.239,25332.884,22216.683,25252.042,22198.602,25234.551,22118.368,25140.292,22115.473,25136.204,22040.167,25037.89,22020.051,25015.749,21928.929,24939.542,21921.731,24933.833,21823.414,24868.264,21759.163,24841.198,21725.099,24827.113,21626.776,24806.197,21528.453,24791,21430.125,24780.694,21331.799,24762.169,21233.483,24747.254,21213.666,24742.833,21135.153,24718.618,21036.835,24675.599,20967.396,24644.493,20938.513,24630.667,20840.192,24596.481,20741.871,24565.018,20643.55,24552.301,20600.508,24546.132,20545.228,24538.858,20446.911,24530.588,20348.584,24530.19,20250.26,24513.674,20151.941,24501.754,20053.607,24494.784,19955.294,24475.734,19856.968,24472.296,19758.645,24467.033,19660.313,24455.609,19594.74,24447.719,19561.999,24444.202,19463.665,24434.122,19365.355,24408.126,19267.02,24390.823,19168.698,24386.453,19070.373,24400.8,18972.049,24439.924))'

## REG B PN source

evselect table=~/Desktop/research/reduced_regions/XMM/0110012501/PN/U2501_PN_filt_time.fits withspectrumset=yes spectrumset=~/Desktop/research/reduced_regions/XMM/spectra/U2501_PN_regB.fits energycolumn=PI spectralbinsize=5 withspecranges=yes specchannelmin=0 specchannelmax=20479 expression='(FLAG==0) &&(PATTERN<=4) && ((X,Y) IN polygon(26044.356,26344.213,25980.684,26379.892,25886.527,26442.532,25882.354,26445.491,25784.02,26527.992,25769.288,26540.85,25685.69,26625.983,25669.483,26639.157,25587.35,26731.327,25582.018,26737.468,25520.258,26835.795,25489.011,26910.172,25477.908,26934.11,25450.481,27032.441,25448.833,27130.764,25463.921,27229.084,25488.984,27320.99,25490.884,27327.412,25550.203,27425.74,25587.285,27484.289,25617.475,27524.073,25685.595,27604.34,25710.114,27622.401,25783.919,27683.11,25840.619,27720.754,25882.234,27750.391,25980.558,27800.992,26014.697,27819.091,26078.871,27857.91,26162.779,27917.417,26177.194,27928.655,26275.518,27987.746,26362.654,28015.766,26373.829,28019.983,26472.159,28065.32,26570.48,28100.493,26588.216,28114.11,26668.784,28208.144,26671.392,28212.442,26680.286,28310.762,26682.497,28409.077,26687.934,28507.413,26695.742,28605.733,26697.392,28704.056,26739.934,28802.399,26767.061,28871.926,26774.942,28900.723,26833.18,28999.037,26865.364,29063.484,26882.735,29097.374,26933.992,29195.695,26963.668,29266.14,26976.46,29294.034,27023.411,29392.37,27061.977,29474.408,27069.388,29490.683,27112.764,29589.019,27160.29,29681.216,27164.03,29687.356,27228.761,29785.677,27258.597,29825.035,27305.74,29884.009,27356.911,29940.495,27389.928,29982.348,27450.967,30080.664,27455.221,30090.461,27494.151,30178.992,27538.773,30277.326,27553.524,30305.214,27585.815,30375.649,27633.699,30473.992,27651.832,30500.977,27702.904,30572.309,27750.149,30619.516,27803.993,30670.647,27848.462,30708.069,27946.782,30767.752,27949.488,30768.974,28045.1,30818.762,28143.419,30854.461,28213.711,30867.325,28241.741,30874.178,28270.444,30867.343,28340.072,30853.549,28438.401,30822.216,28522.093,30769.03,28536.734,30760.314,28634.224,30670.711,28635.064,30669.889,28714.727,30572.392,28733.401,30545.626,28776.949,30474.087,28820.058,30375.77,28831.74,30343.995,28856.393,30277.44,28883.814,30179.122,28900.283,30080.797,28908.434,29982.463,28915.59,29884.158,28914.033,29785.815,28905.87,29687.489,28898.038,29589.176,28899.265,29490.858,28910.778,29392.519,28919.286,29294.205,28922.578,29195.884,28924.468,29097.544,28914.349,28999.235,28871.48,28900.892,28831.868,28841.928,28806.522,28802.564,28740.068,28704.25,28733.553,28695.259,28669.942,28605.903,28635.251,28551.069,28605.759,28507.582,28584.647,28409.249,28580.599,28310.938,28591.581,28212.601,28595.274,28114.28,28601.781,28015.949,28578.303,27917.64,28536.975,27875.01,28438.655,27835.247,28340.335,27825.98,28308.42,27819.276,28242.018,27807.412,28143.7,27760.897,28080.41,27720.937,28045.369,27696.118,27962.173,27622.615,27947.057,27600.612,27908.867,27524.27,27887.4,27425.945,27869.237,27327.624,27857.413,27229.297,27858.232,27130.973,27849.371,27032.644,27848.79,27029.699,27835.457,26934.333,27793.793,26835.989,27750.491,26776.411,27730.104,26737.663,27652.163,26645.172,27647.214,26639.337,27553.848,26550.188,27543.554,26540.994,27455.538,26472.321,27408.929,26442.675,27357.224,26412.968,27258.892,26363.69,27201.167,26344.329,27160.575,26330.81,27062.252,26307.508,26963.932,26290.379,26865.607,26282.303,26767.284,26277.146,26668.959,26276.463,26570.638,26275.257,26472.317,26273.384,26373.98,26275.682,26275.66,26280.625,26177.342,26298.956,26079.005,26327.586))'


## regC source PN

evselect table=~/Desktop/research/reduced_regions/XMM/0110012501/PN/U2501_PN_filt_time.fits withspectrumset=yes spectrumset=~/Desktop/research/reduced_regions/XMM/spectra/U2501_PN_regC.fits energycolumn=PI spectralbinsize=5 withspecranges=yes specchannelmin=0 specchannelmax=20479 expression='(FLAG==0) && (PATTERN<=4) && ((X,Y) IN polygon(29451.717,26735.638,29381.437,26797.239,29341.553,26833.947,29283.115,26906.498,29263.534,26932.255,29196.04,27030.58,29184.773,27044.681,29106.287,27128.887,29086.431,27156.774,29016.87,27227.204,28988.102,27256.227,28921.785,27325.525,28889.766,27365.871,28837.088,27423.849,28791.431,27483.89,28766.362,27522.165,28732.824,27620.477,28705.96,27718.809,28731.896,27817.139,28791.403,27852.43,28889.721,27854.334,28988.052,27827.483,29024.473,27817.154,29086.384,27800.513,29184.716,27777.081,29283.04,27750.339,29381.365,27740.981,29479.685,27739.128,29565.77,27718.882,29578.013,27715.361,29676.339,27686.924,29774.667,27660.296,29872.994,27634.773,29897.238,27620.585,29971.326,27562.762,29999.014,27522.265,30043.553,27423.961,30069.66,27338.667,30073.161,27325.621,30095.329,27227.31,30103.68,27128.977,30101.141,27030.659,30087.845,26932.326,30069.701,26859.585,30061.639,26833.998,29993.285,26735.674,29971.397,26715.917,29873.07,26655.21,29774.748,26638.138,29676.423,26647.716,29578.099,26667.219,29479.773,26717.151))'


## bgd 0501 PN 

evselect table=~/Desktop/research/reduced_regions/XMM/0110012501/PN/U2501_PN_filt_time.fits withspectrumset=yes spectrumset=~/Desktop/research/reduced_regions/XMM/spectra/U2501_PN_Bgd.fits energycolumn=PI spectralbinsize=5 withspecranges=yes specchannelmin=0 specchannelmax=20479 expression='(FLAG==0) && (PATTERN<=4) && ((X,Y) IN circle(38548.447,21604.815,2891.9407))'


#PN 
backscale spectrumset=~/Desktop/research/reduced_regions/XMM/spectra/U2501_PN_regA.fits badpixlocation=~/Desktop/research/reduced_regions/XMM/0110012501/PN/U2501_PN_filt_time.fits #regA
backscale spectrumset=~/Desktop/research/reduced_regions/XMM/spectra/U2501_PN_regB.fits badpixlocation=~/Desktop/research/reduced_regions/XMM/0110012501/PN/U2501_PN_filt_time.fits #regB
backscale spectrumset=~/Desktop/research/reduced_regions/XMM/spectra/U2501_PN_regC.fits badpixlocation=~/Desktop/research/reduced_regions/XMM/0110012501/PN/U2501_PN_filt_time.fits #regC
backscale spectrumset=~/Desktop/research/reduced_regions/XMM/spectra/U2501_PN_Bgd.fits badpixlocation=~/Desktop/research/reduced_regions/XMM/0110012501/PN/U2501_PN_filt_time.fits  #bgd 0501 PN


# rmf 0501 PN
rmfgen spectrumset=~/Desktop/research/reduced_regions/XMM/spectra/U2501_PN_regA.fits rmfset=~/Desktop/research/reduced_regions/XMM/spectra/U2501_PN_regA.rmf 
rmfgen spectrumset=~/Desktop/research/reduced_regions/XMM/spectra/U2501_PN_regB.fits rmfset=~/Desktop/research/reduced_regions/XMM/spectra/U2501_PN_regB.rmf 
rmfgen spectrumset=~/Desktop/research/reduced_regions/XMM/spectra/U2501_PN_regC.fits rmfset=~/Desktop/research/reduced_regions/XMM/spectra/U2501_PN_regC.rmf 
rmfgen spectrumset=~/Desktop/research/reduced_regions/XMM/spectra/U2501_PN_Bgd.fits rmfset=~/Desktop/research/reduced_regions/XMM/spectra/U2501_PN_Bgd.rmf 


#S2501 MOS1 ARF

arfgen spectrumset=~/Desktop/research/reduced_regions/XMM/spectra/U2501_PN_regA.fits arfset=~/Desktop/research/reduced_regions/XMM/spectra/U2501_PN_regA.arf withrmfset=yes rmfset=~/Desktop/research/reduced_regions/XMM/spectra/U2501_PN_regA.rmf badpixlocation=~/Desktop/research/reduced_regions/XMM/0110012501/PN/U2501_PN_filt_time.fits detmaptype=flat extendedsource=yes 
arfgen spectrumset=~/Desktop/research/reduced_regions/XMM/spectra/U2501_PN_regB.fits arfset=~/Desktop/research/reduced_regions/XMM/spectra/U2501_PN_regB.arf withrmfset=yes rmfset=~/Desktop/research/reduced_regions/XMM/spectra/U2501_PN_regB.rmf badpixlocation=~/Desktop/research/reduced_regions/XMM/0110012501/PN/U2501_PN_filt_time.fits detmaptype=flat extendedsource=yes 
arfgen spectrumset=~/Desktop/research/reduced_regions/XMM/spectra/U2501_PN_regC.fits arfset=~/Desktop/research/reduced_regions/XMM/spectra/U2501_PN_regC.arf withrmfset=yes rmfset=~/Desktop/research/reduced_regions/XMM/spectra/U2501_PN_regC.rmf badpixlocation=~/Desktop/research/reduced_regions/XMM/0110012501/PN/U2501_PN_filt_time.fits detmaptype=flat extendedsource=yes 


## 0501 PN 
specgroup spectrumset=~/Desktop/research/reduced_regions/XMM/spectra/U2501_PN_regA.fits arfset=~/Desktop/research/reduced_regions/XMM/spectra/U2501_PN_regA.arf rmfset=~/Desktop/research/reduced_regions/XMM/spectra/U2501_PN_regA.rmf backgndset=~/Desktop/research/reduced_regions/XMM/spectra/U2501_PN_Bgd.fits groupedset=~/Desktop/research/reduced_regions/XMM/spectra/U2501_PN_regA_sr.fits 
specgroup spectrumset=~/Desktop/research/reduced_regions/XMM/spectra/U2501_PN_regB.fits arfset=~/Desktop/research/reduced_regions/XMM/spectra/U2501_PN_regB.arf rmfset=~/Desktop/research/reduced_regions/XMM/spectra/U2501_PN_regB.rmf backgndset=~/Desktop/research/reduced_regions/XMM/spectra/U2501_PN_Bgd.fits groupedset=~/Desktop/research/reduced_regions/XMM/spectra/U2501_PN_regB_sr.fits 
specgroup spectrumset=~/Desktop/research/reduced_regions/XMM/spectra/U2501_PN_regC.fits arfset=~/Desktop/research/reduced_regions/XMM/spectra/U2501_PN_regC.arf rmfset=~/Desktop/research/reduced_regions/XMM/spectra/U2501_PN_regC.rmf backgndset=~/Desktop/research/reduced_regions/XMM/spectra/U2501_PN_Bgd.fits groupedset=~/Desktop/research/reduced_regions/XMM/spectra/U2501_PN_regC_sr.fits 



