#heainit
#sas_start

export SAS_CCF=~/Desktop/research/reduced_regions/XMM/0110012501/MOS2/ccf.cif
export SAS_ODF=~/Desktop/research/reduced_regions/XMM/0110012501/MOS2/0592_0110012501_SCX00000SUM.SAS

## regA source S_MOS2

evselect table=~/Desktop/research/reduced_regions/XMM/0110012501/MOS2/S2501_MOS2_filt_time.fits withspectrumset=yes spectrumset=~/Desktop/research/reduced_regions/XMM/spectra/S2501_MOS2_regA.fits energycolumn=PI spectralbinsize=5 withspecranges=yes specchannelmin=0 specchannelmax=11999 expression='#XMMEA_EM && (PATTERN<=12) && ((X,Y) IN polygon(18626.78,24364.325,18540.382,24435.704,18517.24,24462.649,18464.872,24560.972,18442.036,24655.476,18441.28,24659.296,18434.886,24757.613,18434.075,24855.934,18389.275,24954.245,18343.679,25039.008,18335.228,25052.58,18245.349,25140.877,18204.212,25150.895,18147.023,25163.217,18048.692,25189.909,17950.373,25205.299,17852.047,25217.69,17753.722,25192.412,17725.638,25150.844,17655.416,25078.166,17636.094,25052.512,17558.762,24954.187,17557.092,24952.158,17458.776,24885.423,17360.445,24880.712,17262.133,24889.792,17175.956,24954.154,17163.801,24965.706,17086.996,25052.457,17065.466,25079.473,17025.991,25150.776,16980.129,25249.096,16967.123,25276.965,16934.253,25347.429,16897.44,25445.74,16873.902,25544.07,16868.768,25554.77,16824.642,25642.387,16816.324,25740.713,16818.342,25839.045,16833.287,25937.366,16863.845,26035.693,16868.727,26043.374,16962.442,26134.036,16967.038,26137.51,17065.367,26195.088,17128.229,26232.353,17163.685,26248.599,17262,26283.84,17351.805,26330.708,17360.326,26335.226,17458.651,26383.36,17556.963,26415.39,17621.61,26429.053,17655.288,26436.422,17753.613,26447.181,17851.94,26449.54,17950.259,26462.494,18048.581,26473.938,18146.908,26492.966,18245.218,26521.005,18260.784,26527.437,18343.543,26566.981,18441.876,26602.131,18540.19,26623.755,18561.403,26625.79,18638.517,26633.718,18675.788,26625.781,18736.836,26611.434,18835.172,26583.191,18933.498,26534.934,18950.114,26527.491,19031.818,26496.962,19130.148,26463.14,19211.375,26429.205,19228.486,26421.43,19326.815,26375.603,19425.136,26351.445,19478.256,26330.897,19523.462,26314.609,19621.793,26279.425,19720.121,26269.394,19818.438,26237.506,19839.102,26232.6,19916.768,26209.228,20015.101,26143.483,20022.45,26134.286,20113.437,26045.579,20121.061,26035.979,20211.771,25946.266,20227.251,25937.665,20310.089,25904.909,20408.421,25884.607,20506.738,25921.289,20536.271,25937.674,20605.052,25986.399,20651.465,26036.021,20691.768,26134.336,20703.357,26188.464,20710.76,26232.682,20703.362,26260.522,20660.738,26330.984,20605.023,26395.397,20563.843,26429.299,20506.691,26476.324,20415.663,26527.63,20408.365,26533.452,20310.033,26569.809,20275.251,26625.927,20257.091,26724.263,20305.762,26822.585,20310.014,26824.294,20408.339,26830.237,20506.657,26844.469,20604.976,26871.837,20703.3,26884.828,20801.627,26879.405,20899.957,26866.483,20998.276,26856.378,21096.608,26853.886,21194.923,26853.233,21293.247,26854.67,21391.571,26856.002,21489.9,26876.892,21588.225,26899.938,21652.65,26921.016,21686.533,26932.8,21784.86,26973.973,21882.866,27019.368,21883.183,27019.606,21981.499,27105.014,21991.972,27117.711,22032.286,27216.044,22059.548,27314.369,22079.795,27375.4,22092.049,27412.702,22146.245,27511.005,22178.112,27552.996,22238.359,27609.351,22276.428,27632.551,22374.747,27680.861,22453.013,27707.696,22473.064,27714.162,22571.386,27745.543,22669.709,27778.222,22756.839,27806.037,22768.036,27810.055,22866.356,27849.839,22964.671,27875.758,23062.996,27890.996,23161.326,27895.011,23259.653,27886.659,23357.971,27860.721,23456.301,27820.205,23480.261,27806.102,23554.63,27762.635,23604.596,27707.781,23652.96,27650.203,23708.128,27609.478,23751.292,27574.214,23826.642,27511.154,23849.623,27489.234,23947.951,27434.288,24046.278,27414.841,24054.184,27412.866,24144.615,27392.588,24242.937,27375.53,24333.193,27314.564,24337.812,27216.229,24294.427,27117.902,24242.962,27045.935,24224.839,27019.579,24144.644,26935.251,24133.003,26921.24,24046.336,26844.32,24017.627,26822.901,23948.021,26777.388,23849.695,26728.33,23840.775,26724.565,23751.371,26686.532,23653.052,26672.486,23554.721,26654.813,23484.192,26626.205,23456.411,26593.641,23435.353,26527.877,23409.207,26429.556,23419.153,26331.243,23447.073,26232.911,23456.444,26182.038,23467.229,26134.593,23485.097,26036.266,23456.472,25945.921,23453.547,25937.941,23358.152,25846.944,23350.766,25839.614,23259.839,25776.359,23195.019,25741.268,23161.507,25725.412,23063.194,25688.075,22964.871,25662.52,22866.539,25644.657,22859.605,25642.905,22768.217,25621.008,22669.903,25593.099,22571.581,25553.543,22555.961,25544.557,22473.258,25497.444,22374.936,25454.496,22357.03,25446.232,22276.622,25406.545,22178.298,25361.953,22140.626,25347.875,22079.981,25321.453,21981.664,25259.932,21967.906,25249.548,21883.35,25168.706,21865.27,25151.214,21785.036,25056.955,21782.14,25052.867,21706.834,24954.553,21686.718,24932.413,21595.596,24856.205,21588.398,24850.497,21490.082,24784.928,21425.83,24757.862,21391.766,24743.777,21293.443,24722.86,21195.121,24707.663,21096.793,24697.358,20998.466,24678.833,20900.151,24663.917,20880.334,24659.496,20801.821,24635.281,20703.503,24592.262,20634.063,24561.157,20605.18,24547.331,20506.86,24513.144,20408.539,24481.682,20310.217,24468.964,20267.176,24462.795,20211.895,24455.522,20113.578,24447.252,20015.251,24446.854,19916.927,24430.338,19818.609,24418.418,19720.275,24411.447,19621.962,24392.397,19523.636,24388.96,19425.312,24383.696,19326.98,24372.272,19261.408,24364.382,19228.666,24360.865,19130.333,24350.786,19032.022,24324.789,18933.687,24307.486,18835.366,24303.117,18737.041,24317.463,18638.717,24356.588))'


## regB source S_MOS2

evselect table=~/Desktop/research/reduced_regions/XMM/0110012501/MOS2/S2501_MOS2_filt_time.fits withspectrumset=yes spectrumset=~/Desktop/research/reduced_regions/XMM/spectra/S2501_MOS2_regB.fits energycolumn=PI spectralbinsize=5 withspecranges=yes specchannelmin=0 specchannelmax=11999 expression='#XMMEA_EM && (PATTERN<=12) && ((X,Y) IN polygon(25849.912,26344.211,25786.239,26379.89,25692.083,26442.53,25687.909,26445.49,25589.575,26527.99,25574.843,26540.848,25491.245,26625.981,25475.038,26639.155,25392.905,26731.325,25387.574,26737.466,25325.813,26835.793,25294.567,26910.17,25283.464,26934.108,25256.037,27032.44,25254.389,27130.762,25269.476,27229.082,25294.54,27320.988,25296.439,27327.411,25355.758,27425.738,25392.84,27484.287,25423.031,27524.072,25491.151,27604.339,25515.67,27622.399,25589.475,27683.108,25646.174,27720.752,25687.79,27750.389,25786.114,27800.99,25820.253,27819.09,25884.426,27857.908,25968.335,27917.416,25982.749,27928.653,26081.074,27987.744,26168.21,28015.764,26179.384,28019.981,26277.714,28065.318,26376.036,28100.491,26393.771,28114.108,26474.34,28208.142,26476.947,28212.44,26485.842,28310.76,26488.053,28409.075,26493.489,28507.411,26501.297,28605.731,26502.947,28704.054,26545.49,28802.397,26572.616,28871.924,26580.497,28900.721,26638.735,28999.035,26670.92,29063.482,26688.291,29097.372,26739.548,29195.693,26769.223,29266.138,26782.015,29294.032,26828.967,29392.368,26867.532,29474.406,26874.943,29490.681,26918.319,29589.017,26965.846,29681.215,26969.586,29687.354,27034.316,29785.675,27064.153,29825.033,27111.295,29884.007,27162.467,29940.493,27195.483,29982.346,27256.523,30080.663,27260.776,30090.459,27299.707,30178.991,27344.328,30277.324,27359.08,30305.213,27391.37,30375.647,27439.254,30473.99,27457.388,30500.975,27508.46,30572.307,27555.704,30619.514,27609.549,30670.645,27654.017,30708.067,27752.338,30767.75,27755.044,30768.972,27850.655,30818.76,27948.974,30854.459,28019.267,30867.323,28047.296,30874.176,28076,30867.341,28145.627,30853.547,28243.957,30822.214,28327.649,30769.028,28342.289,30760.313,28439.779,30670.709,28440.619,30669.887,28520.283,30572.39,28538.956,30545.625,28582.505,30474.085,28625.613,30375.768,28637.295,30343.993,28661.948,30277.438,28689.369,30179.12,28705.839,30080.796,28713.989,29982.461,28721.146,29884.156,28719.588,29785.813,28711.425,29687.487,28703.594,29589.174,28704.82,29490.857,28716.333,29392.517,28724.841,29294.203,28728.134,29195.882,28730.024,29097.542,28719.904,28999.233,28677.036,28900.89,28637.424,28841.926,28612.077,28802.562,28545.623,28704.248,28539.108,28695.257,28475.497,28605.901,28440.807,28551.067,28411.315,28507.58,28390.203,28409.247,28386.154,28310.936,28397.137,28212.599,28400.83,28114.278,28407.336,28015.947,28383.858,27917.639,28342.53,27875.008,28244.211,27835.246,28145.89,27825.978,28113.976,27819.274,28047.573,27807.41,27949.256,27760.895,27885.965,27720.935,27850.924,27696.116,27767.729,27622.613,27752.612,27600.61,27714.422,27524.268,27692.955,27425.943,27674.792,27327.622,27662.968,27229.295,27663.788,27130.971,27654.926,27032.642,27654.345,27029.697,27641.012,26934.331,27599.349,26835.987,27556.047,26776.409,27535.659,26737.661,27457.718,26645.17,27452.77,26639.335,27359.404,26550.186,27349.11,26540.992,27261.093,26472.319,27214.485,26442.674,27162.78,26412.966,27064.448,26363.688,27006.723,26344.327,26966.13,26330.808,26867.808,26307.506,26769.487,26290.377,26671.162,26282.301,26572.839,26277.144,26474.515,26276.461,26376.194,26275.255,26277.872,26273.382,26179.536,26275.68,26081.216,26280.624,25982.897,26298.954,25884.561,26327.584))'


## regC source S_MOS2

evselect table=~/Desktop/research/reduced_regions/XMM/0110012501/MOS2/S2501_MOS2_filt_time.fits withspectrumset=yes spectrumset=~/Desktop/research/reduced_regions/XMM/spectra/S2501_MOS2_regC.fits energycolumn=PI spectralbinsize=5 withspecranges=yes specchannelmin=0 specchannelmax=11999 expression='#XMMEA_EM && (PATTERN<=12) && ((X,Y) IN polygon(29812.829,26624.531,29742.549,26686.132,29702.665,26722.839,29644.227,26795.39,29624.646,26821.148,29557.152,26919.472,29545.885,26933.574,29467.399,27017.779,29447.543,27045.667,29377.982,27116.096,29349.214,27145.12,29282.898,27214.418,29250.878,27254.763,29198.2,27312.742,29152.543,27372.783,29127.475,27411.057,29093.936,27509.369,29067.072,27607.701,29093.008,27706.032,29152.515,27741.322,29250.833,27743.226,29349.164,27716.376,29385.585,27706.046,29447.496,27689.406,29545.828,27665.973,29644.152,27639.232,29742.477,27629.874,29840.797,27628.021,29926.882,27607.774,29939.125,27604.253,30037.451,27575.816,30135.779,27549.188,30234.106,27523.665,30258.35,27509.478,30332.438,27451.654,30360.126,27411.157,30404.665,27312.853,30430.773,27227.56,30434.273,27214.513,30456.441,27116.203,30464.793,27017.869,30462.253,26919.551,30448.957,26821.219,30430.813,26748.477,30422.752,26722.89,30354.397,26624.566,30332.509,26604.809,30234.182,26544.103,30135.86,26527.031,30037.536,26536.609,29939.211,26556.111,29840.885,26606.043))'


## bgd S2501 SMOS2
evselect table=~/Desktop/research/reduced_regions/XMM/0110012501/MOS2/S2501_MOS2_filt_time.fits withspectrumset=yes spectrumset=~/Desktop/research/reduced_regions/XMM/spectra/S2501_MOS2_Bgd.fits energycolumn=PI spectralbinsize=5 withspecranges=yes specchannelmin=0 specchannelmax=11999 expression='#XMMEA_EM && (PATTERN<=12) && ((X,Y) IN circle(37228.447,21284.815,2891.9407))'


# calc area of src and bgd##

#S2501 MOS2 
backscale spectrumset=~/Desktop/research/reduced_regions/XMM/spectra/S2501_MOS2_regA.fits badpixlocation=~/Desktop/research/reduced_regions/XMM/0110012501/MOS2/S2501_MOS2_filt_time.fits #regA
backscale spectrumset=~/Desktop/research/reduced_regions/XMM/spectra/S2501_MOS2_regB.fits badpixlocation=~/Desktop/research/reduced_regions/XMM/0110012501/MOS2/S2501_MOS2_filt_time.fits #regB
backscale spectrumset=~/Desktop/research/reduced_regions/XMM/spectra/S2501_MOS2_regC.fits badpixlocation=~/Desktop/research/reduced_regions/XMM/0110012501/MOS2/S2501_MOS2_filt_time.fits #regC

backscale spectrumset=~/Desktop/research/reduced_regions/XMM/spectra/S2501_MOS2_Bgd.fits badpixlocation=~/Desktop/research/reduced_regions/XMM/0110012501/MOS2/S2501_MOS2_filt_time.fits  #bgd S2501 MOS2


#### GENERATE REDISTRIBUTION MATRIX ####

# rmf S2501 MOS2
rmfgen spectrumset=~/Desktop/research/reduced_regions/XMM/spectra/S2501_MOS2_regA.fits rmfset=~/Desktop/research/reduced_regions/XMM/spectra/S2501_MOS2_regA.rmf
rmfgen spectrumset=~/Desktop/research/reduced_regions/XMM/spectra/S2501_MOS2_regB.fits rmfset=~/Desktop/research/reduced_regions/XMM/spectra/S2501_MOS2_regB.rmf
rmfgen spectrumset=~/Desktop/research/reduced_regions/XMM/spectra/S2501_MOS2_regC.fits rmfset=~/Desktop/research/reduced_regions/XMM/spectra/S2501_MOS2_regC.rmf

rmfgen spectrumset=~/Desktop/research/reduced_regions/XMM/spectra/S2501_MOS2_Bgd.fits rmfset=~/Desktop/research/reduced_regions/XMM/spectra/S2501_MOS2_Bgd.rmf


# GENERATE ARF 

#S2501 MOS2 ARF

arfgen spectrumset=~/Desktop/research/reduced_regions/XMM/spectra/S2501_MOS2_regA.fits arfset=~/Desktop/research/reduced_regions/XMM/spectra/S2501_MOS2_regA.arf withrmfset=yes rmfset=~/Desktop/research/reduced_regions/XMM/spectra/S2501_MOS2_regA.rmf badpixlocation=~/Desktop/research/reduced_regions/XMM/0110012501/MOS2/S2501_MOS2_filt_time.fits detmaptype=flat extendedsource=yes
arfgen spectrumset=~/Desktop/research/reduced_regions/XMM/spectra/S2501_MOS2_regB.fits arfset=~/Desktop/research/reduced_regions/XMM/spectra/S2501_MOS2_regB.arf withrmfset=yes rmfset=~/Desktop/research/reduced_regions/XMM/spectra/S2501_MOS2_regB.rmf badpixlocation=~/Desktop/research/reduced_regions/XMM/0110012501/MOS2/S2501_MOS2_filt_time.fits detmaptype=flat extendedsource=yes 
arfgen spectrumset=~/Desktop/research/reduced_regions/XMM/spectra/S2501_MOS2_regC.fits arfset=~/Desktop/research/reduced_regions/XMM/spectra/S2501_MOS2_regC.arf withrmfset=yes rmfset=~/Desktop/research/reduced_regions/XMM/spectra/S2501_MOS2_regC.rmf badpixlocation=~/Desktop/research/reduced_regions/XMM/0110012501/MOS2/S2501_MOS2_filt_time.fits detmaptype=flat extendedsource=yes 


## S2501 MOS2 
specgroup spectrumset=~/Desktop/research/reduced_regions/XMM/spectra/S2501_MOS2_regA.fits arfset=~/Desktop/research/reduced_regions/XMM/spectra/S2501_MOS2_regA.arf rmfset=~/Desktop/research/reduced_regions/XMM/spectra/S2501_MOS2_regA.rmf backgndset=~/Desktop/research/reduced_regions/XMM/spectra/S2501_MOS2_Bgd.fits groupedset=~/Desktop/research/reduced_regions/XMM/spectra/S2501_MOS2_regA_sr.fits
specgroup spectrumset=~/Desktop/research/reduced_regions/XMM/spectra/S2501_MOS2_regB.fits arfset=~/Desktop/research/reduced_regions/XMM/spectra/S2501_MOS2_regB.arf rmfset=~/Desktop/research/reduced_regions/XMM/spectra/S2501_MOS2_regB.rmf backgndset=~/Desktop/research/reduced_regions/XMM/spectra/S2501_MOS2_Bgd.fits groupedset=~/Desktop/research/reduced_regions/XMM/spectra/S2501_MOS2_regB_sr.fits
specgroup spectrumset=~/Desktop/research/reduced_regions/XMM/spectra/S2501_MOS2_regC.fits arfset=~/Desktop/research/reduced_regions/XMM/spectra/S2501_MOS2_regC.arf rmfset=~/Desktop/research/reduced_regions/XMM/spectra/S2501_MOS2_regC.rmf backgndset=~/Desktop/research/reduced_regions/XMM/spectra/S2501_MOS2_Bgd.fits groupedset=~/Desktop/research/reduced_regions/XMM/spectra/S2501_MOS2_regC_sr.fits









